track type=bedGraph name="chip_leaf-h3k4me3"
5	212531842	212531917	1
5	212540029	212540104	1
5	212540315	212540368	1
5	212540368	212540390	2
5	212540390	212540443	1
5	212540478	212540503	1
5	212540503	212540553	2
5	212540553	212540578	1
5	212540593	212540668	1
5	212540700	212540775	1
5	212540930	212540976	1
5	212540976	212541005	2
5	212541005	212541051	1
5	212541088	212541117	1
5	212541117	212541162	2
5	212541162	212541168	1
5	212541168	212541192	2
5	212541192	212541243	1
5	212541280	212541354	1
5	212541359	212541365	1
5	212541365	212541432	2
5	212541432	212541440	1
5	212541515	212541590	1
5	212541983	212542054	1
5	212542353	212542428	1
5	212542790	212542865	1
5	212543030	212543105	1
5	212543381	212543403	1
5	212543403	212543422	2
5	212543422	212543428	3
5	212543428	212543452	4
5	212543452	212543456	5
5	212543456	212543465	4
5	212543465	212543478	5
5	212543478	212543479	4
5	212543479	212543497	5
5	212543497	212543503	4
5	212543503	212543504	3
5	212543504	212543507	4
5	212543507	212543520	5
5	212543520	212543527	6
5	212543527	212543534	5
5	212543534	212543540	6
5	212543540	212543553	5
5	212543553	212543562	4
5	212543562	212543565	5
5	212543565	212543579	6
5	212543579	212543582	5
5	212543582	212543589	4
5	212543589	212543594	5
5	212543594	212543595	6
5	212543595	212543609	5
5	212543609	212543613	4
5	212543613	212543622	5
5	212543622	212543654	6
5	212543654	212543664	7
5	212543664	212543669	6
5	212543669	212543670	5
5	212543670	212543706	6
5	212543706	212543711	7
5	212543711	212543713	6
5	212543713	212543728	5
5	212543728	212543731	4
5	212543731	212543737	5
5	212543737	212543745	6
5	212543745	212543761	5
5	212543761	212543772	4
5	212543772	212543781	3
5	212543781	212543796	2
5	212543796	212543806	1
5	212543869	212543872	1
5	212543872	212543874	2
5	212543874	212543881	3
5	212543881	212543892	4
5	212543892	212543895	5
5	212543895	212543897	6
5	212543897	212543899	7
5	212543899	212543901	8
5	212543901	212543906	9
5	212543906	212543911	10
5	212543911	212543912	11
5	212543912	212543915	12
5	212543915	212543916	13
5	212543916	212543917	14
5	212543917	212543919	15
5	212543919	212543921	16
5	212543921	212543927	17
5	212543927	212543938	18
5	212543938	212543946	19
5	212543946	212543948	18
5	212543948	212543951	17
5	212543951	212543955	18
5	212543955	212543958	17
5	212543958	212543962	18
5	212543962	212543969	19
5	212543969	212543972	20
5	212543972	212543973	19
5	212543973	212543974	20
5	212543974	212543976	19
5	212543976	212543978	18
5	212543978	212543979	19
5	212543979	212543986	20
5	212543986	212543987	19
5	212543987	212543990	18
5	212543990	212543992	17
5	212543992	212543993	16
5	212543993	212543994	17
5	212543994	212543995	16
5	212543995	212543996	17
5	212543996	212543998	16
5	212543998	212544001	17
5	212544001	212544002	18
5	212544002	212544004	17
5	212544004	212544007	18
5	212544007	212544009	19
5	212544009	212544010	20
5	212544010	212544011	21
5	212544011	212544013	22
5	212544013	212544018	24
5	212544018	212544022	25
5	212544022	212544028	26
5	212544028	212544030	27
5	212544030	212544032	29
5	212544032	212544033	28
5	212544033	212544034	29
5	212544034	212544036	30
5	212544036	212544038	29
5	212544038	212544041	30
5	212544041	212544042	31
5	212544042	212544044	29
5	212544044	212544045	31
5	212544045	212544046	30
5	212544046	212544052	31
5	212544052	212544053	32
5	212544053	212544054	31
5	212544054	212544056	32
5	212544056	212544057	31
5	212544057	212544058	33
5	212544058	212544063	34
5	212544063	212544065	35
5	212544065	212544068	37
5	212544068	212544070	36
5	212544070	212544072	35
5	212544072	212544074	34
5	212544074	212544076	35
5	212544076	212544077	34
5	212544077	212544078	35
5	212544078	212544079	33
5	212544079	212544081	34
5	212544081	212544084	35
5	212544084	212544085	34
5	212544085	212544086	33
5	212544086	212544088	34
5	212544088	212544090	32
5	212544090	212544091	33
5	212544091	212544093	34
5	212544093	212544094	33
5	212544094	212544095	34
5	212544095	212544097	35
5	212544097	212544098	34
5	212544098	212544101	35
5	212544101	212544102	34
5	212544102	212544103	33
5	212544103	212544105	34
5	212544105	212544106	33
5	212544106	212544107	34
5	212544107	212544108	35
5	212544108	212544109	34
5	212544109	212544111	33
5	212544111	212544112	34
5	212544112	212544114	35
5	212544114	212544115	36
5	212544115	212544116	37
5	212544116	212544117	36
5	212544117	212544119	37
5	212544119	212544123	36
5	212544123	212544124	37
5	212544124	212544127	38
5	212544127	212544128	37
5	212544128	212544129	38
5	212544129	212544130	36
5	212544130	212544131	37
5	212544131	212544132	36
5	212544132	212544133	35
5	212544133	212544134	34
5	212544134	212544135	35
5	212544135	212544136	37
5	212544136	212544138	38
5	212544138	212544140	37
5	212544140	212544141	36
5	212544141	212544145	35
5	212544145	212544147	36
5	212544147	212544149	37
5	212544149	212544152	38
5	212544152	212544155	37
5	212544155	212544160	38
5	212544160	212544161	39
5	212544161	212544162	38
5	212544162	212544163	39
5	212544163	212544165	40
5	212544165	212544166	39
5	212544166	212544169	38
5	212544169	212544170	39
5	212544170	212544171	38
5	212544171	212544172	39
5	212544172	212544173	40
5	212544173	212544175	39
5	212544175	212544177	40
5	212544177	212544179	41
5	212544179	212544181	40
5	212544181	212544182	41
5	212544182	212544183	42
5	212544183	212544187	43
5	212544187	212544188	42
5	212544188	212544189	40
5	212544189	212544194	39
5	212544194	212544198	38
5	212544198	212544199	37
5	212544199	212544200	36
5	212544200	212544201	37
5	212544201	212544204	38
5	212544204	212544208	37
5	212544208	212544209	38
5	212544209	212544210	36
5	212544210	212544214	35
5	212544214	212544216	34
5	212544216	212544217	36
5	212544217	212544222	37
5	212544222	212544225	36
5	212544225	212544228	37
5	212544228	212544229	38
5	212544229	212544230	37
5	212544230	212544231	36
5	212544231	212544234	35
5	212544234	212544236	36
5	212544236	212544237	35
5	212544237	212544239	33
5	212544239	212544240	34
5	212544240	212544243	35
5	212544243	212544244	36
5	212544244	212544245	35
5	212544245	212544246	36
5	212544246	212544247	35
5	212544247	212544249	36
5	212544249	212544250	35
5	212544250	212544252	34
5	212544252	212544255	33
5	212544255	212544257	34
5	212544257	212544259	33
5	212544259	212544263	32
5	212544263	212544266	35
5	212544266	212544268	34
5	212544268	212544269	35
5	212544269	212544270	37
5	212544270	212544273	38
5	212544273	212544275	39
5	212544275	212544278	38
5	212544278	212544279	39
5	212544279	212544280	41
5	212544280	212544281	42
5	212544281	212544283	44
5	212544283	212544284	43
5	212544284	212544285	42
5	212544285	212544286	43
5	212544286	212544289	44
5	212544289	212544290	45
5	212544290	212544291	43
5	212544291	212544292	42
5	212544292	212544295	41
5	212544295	212544296	40
5	212544296	212544297	41
5	212544297	212544298	42
5	212544298	212544302	41
5	212544302	212544306	43
5	212544306	212544307	44
5	212544307	212544308	45
5	212544308	212544309	46
5	212544309	212544310	45
5	212544310	212544316	44
5	212544316	212544320	45
5	212544320	212544321	44
5	212544321	212544322	45
5	212544322	212544324	44
5	212544324	212544326	46
5	212544326	212544327	47
5	212544327	212544328	46
5	212544328	212544330	47
5	212544330	212544331	46
5	212544331	212544332	45
5	212544332	212544333	46
5	212544333	212544334	45
5	212544334	212544338	46
5	212544338	212544339	44
5	212544339	212544340	45
5	212544340	212544342	46
5	212544342	212544343	45
5	212544343	212544344	46
5	212544344	212544345	45
5	212544345	212544347	44
5	212544347	212544348	43
5	212544348	212544351	42
5	212544351	212544353	41
5	212544353	212544355	39
5	212544355	212544356	38
5	212544356	212544358	36
5	212544358	212544359	35
5	212544359	212544361	36
5	212544361	212544364	35
5	212544364	212544366	34
5	212544366	212544367	35
5	212544367	212544373	36
5	212544373	212544376	37
5	212544376	212544377	36
5	212544377	212544379	35
5	212544379	212544381	37
5	212544381	212544382	36
5	212544382	212544387	34
5	212544387	212544392	35
5	212544392	212544393	36
5	212544393	212544394	35
5	212544394	212544396	34
5	212544396	212544399	33
5	212544399	212544400	31
5	212544400	212544404	30
5	212544404	212544405	32
5	212544405	212544409	33
5	212544409	212544410	32
5	212544410	212544411	33
5	212544411	212544412	34
5	212544412	212544417	35
5	212544417	212544418	37
5	212544418	212544419	36
5	212544419	212544420	37
5	212544420	212544421	38
5	212544421	212544422	37
5	212544422	212544424	38
5	212544424	212544426	39
5	212544426	212544429	40
5	212544429	212544431	39
5	212544431	212544432	40
5	212544432	212544433	41
5	212544433	212544434	42
5	212544434	212544437	41
5	212544437	212544440	42
5	212544440	212544441	43
5	212544441	212544442	42
5	212544442	212544443	41
5	212544443	212544445	42
5	212544445	212544446	41
5	212544446	212544447	40
5	212544447	212544449	38
5	212544449	212544450	37
5	212544450	212544454	39
5	212544454	212544457	37
5	212544457	212544458	38
5	212544458	212544463	37
5	212544463	212544464	38
5	212544464	212544465	37
5	212544465	212544468	38
5	212544468	212544473	39
5	212544473	212544474	40
5	212544474	212544475	41
5	212544475	212544476	42
5	212544476	212544477	41
5	212544477	212544478	42
5	212544478	212544479	41
5	212544479	212544481	40
5	212544481	212544482	39
5	212544482	212544485	38
5	212544485	212544486	39
5	212544486	212544487	38
5	212544487	212544488	37
5	212544488	212544489	36
5	212544489	212544490	37
5	212544490	212544491	36
5	212544491	212544492	38
5	212544492	212544494	36
5	212544494	212544495	37
5	212544495	212544496	36
5	212544496	212544498	35
5	212544498	212544499	36
5	212544499	212544501	37
5	212544501	212544502	36
5	212544502	212544505	37
5	212544505	212544506	38
5	212544506	212544507	37
5	212544507	212544508	38
5	212544508	212544513	37
5	212544513	212544516	39
5	212544516	212544517	40
5	212544517	212544518	41
5	212544518	212544519	40
5	212544519	212544525	41
5	212544525	212544526	40
5	212544526	212544528	41
5	212544528	212544532	42
5	212544532	212544533	43
5	212544533	212544539	44
5	212544539	212544540	45
5	212544540	212544542	44
5	212544542	212544544	43
5	212544544	212544546	44
5	212544546	212544548	43
5	212544548	212544549	42
5	212544549	212544550	40
5	212544550	212544554	41
5	212544554	212544555	40
5	212544555	212544558	41
5	212544558	212544559	40
5	212544559	212544562	41
5	212544562	212544564	42
5	212544564	212544565	41
5	212544565	212544566	42
5	212544566	212544567	41
5	212544567	212544568	42
5	212544568	212544572	41
5	212544572	212544573	40
5	212544573	212544577	41
5	212544577	212544579	40
5	212544579	212544580	39
5	212544580	212544582	40
5	212544582	212544585	38
5	212544585	212544587	39
5	212544587	212544588	38
5	212544588	212544591	37
5	212544591	212544595	36
5	212544595	212544597	37
5	212544597	212544599	36
5	212544599	212544600	37
5	212544600	212544601	38
5	212544601	212544602	37
5	212544602	212544605	36
5	212544605	212544610	37
5	212544610	212544621	38
5	212544621	212544625	39
5	212544625	212544626	38
5	212544626	212544630	39
5	212544630	212544631	38
5	212544631	212544632	39
5	212544632	212544633	40
5	212544633	212544634	41
5	212544634	212544636	40
5	212544636	212544639	39
5	212544639	212544640	40
5	212544640	212544641	39
5	212544641	212544642	38
5	212544642	212544643	39
5	212544643	212544644	38
5	212544644	212544646	37
5	212544646	212544647	38
5	212544647	212544648	37
5	212544648	212544649	36
5	212544649	212544650	38
5	212544650	212544654	39
5	212544654	212544655	38
5	212544655	212544659	37
5	212544659	212544660	39
5	212544660	212544662	38
5	212544662	212544663	39
5	212544663	212544665	38
5	212544665	212544667	37
5	212544667	212544668	36
5	212544668	212544669	37
5	212544669	212544674	38
5	212544674	212544675	37
5	212544675	212544676	36
5	212544676	212544677	37
5	212544677	212544678	38
5	212544678	212544679	36
5	212544679	212544681	37
5	212544681	212544683	35
5	212544683	212544688	34
5	212544688	212544691	33
5	212544691	212544693	31
5	212544693	212544696	32
5	212544696	212544699	31
5	212544699	212544701	32
5	212544701	212544702	31
5	212544702	212544703	30
5	212544703	212544705	31
5	212544705	212544706	32
5	212544706	212544707	31
5	212544707	212544708	30
5	212544708	212544713	29
5	212544713	212544717	30
5	212544717	212544719	28
5	212544719	212544720	29
5	212544720	212544721	30
5	212544721	212544723	29
5	212544723	212544725	30
5	212544725	212544728	29
5	212544728	212544730	30
5	212544730	212544733	31
5	212544733	212544734	30
5	212544734	212544740	29
5	212544740	212544741	30
5	212544741	212544742	31
5	212544742	212544743	32
5	212544743	212544745	31
5	212544745	212544747	30
5	212544747	212544750	29
5	212544750	212544751	30
5	212544751	212544752	31
5	212544752	212544753	30
5	212544753	212544754	31
5	212544754	212544757	30
5	212544757	212544758	31
5	212544758	212544761	30
5	212544761	212544764	32
5	212544764	212544766	31
5	212544766	212544769	32
5	212544769	212544770	31
5	212544770	212544774	32
5	212544774	212544777	31
5	212544777	212544780	30
5	212544780	212544781	29
5	212544781	212544783	31
5	212544783	212544784	32
5	212544784	212544787	31
5	212544787	212544788	29
5	212544788	212544792	30
5	212544792	212544793	31
5	212544793	212544794	33
5	212544794	212544795	31
5	212544795	212544797	30
5	212544797	212544798	31
5	212544798	212544800	30
5	212544800	212544801	31
5	212544801	212544803	32
5	212544803	212544805	33
5	212544805	212544807	32
5	212544807	212544810	33
5	212544810	212544812	34
5	212544812	212544813	35
5	212544813	212544814	34
5	212544814	212544815	33
5	212544815	212544816	34
5	212544816	212544818	35
5	212544818	212544822	36
5	212544822	212544823	38
5	212544823	212544825	37
5	212544825	212544828	35
5	212544828	212544829	34
5	212544829	212544834	36
5	212544834	212544836	37
5	212544836	212544837	35
5	212544837	212544843	34
5	212544843	212544844	33
5	212544844	212544846	32
5	212544846	212544852	33
5	212544852	212544855	34
5	212544855	212544856	35
5	212544856	212544857	34
5	212544857	212544861	36
5	212544861	212544864	37
5	212544864	212544865	36
5	212544865	212544866	37
5	212544866	212544868	38
5	212544868	212544871	37
5	212544871	212544874	38
5	212544874	212544876	37
5	212544876	212544879	36
5	212544879	212544880	37
5	212544880	212544882	38
5	212544882	212544883	37
5	212544883	212544884	38
5	212544884	212544885	39
5	212544885	212544886	38
5	212544886	212544887	39
5	212544887	212544888	37
5	212544888	212544890	36
5	212544890	212544891	35
5	212544891	212544893	34
5	212544893	212544895	32
5	212544895	212544897	31
5	212544897	212544898	30
5	212544898	212544903	32
5	212544903	212544904	33
5	212544904	212544906	31
5	212544906	212544907	32
5	212544907	212544910	31
5	212544910	212544913	32
5	212544913	212544915	33
5	212544915	212544916	34
5	212544916	212544920	33
5	212544920	212544926	32
5	212544926	212544927	33
5	212544927	212544929	32
5	212544929	212544931	33
5	212544931	212544934	31
5	212544934	212544935	32
5	212544935	212544938	33
5	212544938	212544940	32
5	212544940	212544941	31
5	212544941	212544942	30
5	212544942	212544947	31
5	212544947	212544949	32
5	212544949	212544950	31
5	212544950	212544951	30
5	212544951	212544952	31
5	212544952	212544953	32
5	212544953	212544954	31
5	212544954	212544957	30
5	212544957	212544958	31
5	212544958	212544961	30
5	212544961	212544962	29
5	212544962	212544966	30
5	212544966	212544969	29
5	212544969	212544973	30
5	212544973	212544975	29
5	212544975	212544977	30
5	212544977	212544981	31
5	212544981	212544985	32
5	212544985	212544988	31
5	212544988	212544989	30
5	212544989	212544990	32
5	212544990	212544991	31
5	212544991	212544993	32
5	212544993	212544994	33
5	212544994	212544996	34
5	212544996	212544997	35
5	212544997	212544998	36
5	212544998	212545000	37
5	212545000	212545001	38
5	212545001	212545004	39
5	212545004	212545005	38
5	212545005	212545007	37
5	212545007	212545008	36
5	212545008	212545009	35
5	212545009	212545010	34
5	212545010	212545011	33
5	212545011	212545013	32
5	212545013	212545015	33
5	212545015	212545017	32
5	212545017	212545018	31
5	212545018	212545020	30
5	212545020	212545021	29
5	212545021	212545023	28
5	212545023	212545026	29
5	212545026	212545032	28
5	212545032	212545033	27
5	212545033	212545037	28
5	212545037	212545039	27
5	212545039	212545040	28
5	212545040	212545047	30
5	212545047	212545050	29
5	212545050	212545051	28
5	212545051	212545052	29
5	212545052	212545053	28
5	212545053	212545054	27
5	212545054	212545059	26
5	212545059	212545063	25
5	212545063	212545066	24
5	212545066	212545067	23
5	212545067	212545068	22
5	212545068	212545069	23
5	212545069	212545070	22
5	212545070	212545071	21
5	212545071	212545072	20
5	212545072	212545073	21
5	212545073	212545075	20
5	212545075	212545076	18
5	212545076	212545077	17
5	212545077	212545083	18
5	212545083	212545088	17
5	212545088	212545094	16
5	212545094	212545097	17
5	212545097	212545098	16
5	212545098	212545104	15
5	212545104	212545106	14
5	212545106	212545109	15
5	212545109	212545113	14
5	212545113	212545114	15
5	212545114	212545115	13
5	212545115	212545119	12
5	212545119	212545121	11
5	212545121	212545131	12
5	212545131	212545136	11
5	212545136	212545137	12
5	212545137	212545139	13
5	212545139	212545140	12
5	212545140	212545147	13
5	212545147	212545148	14
5	212545148	212545149	15
5	212545149	212545152	16
5	212545152	212545153	15
5	212545153	212545155	16
5	212545155	212545156	17
5	212545156	212545158	18
5	212545158	212545160	19
5	212545160	212545166	20
5	212545166	212545167	21
5	212545167	212545168	20
5	212545168	212545169	22
5	212545169	212545171	21
5	212545171	212545172	23
5	212545172	212545178	24
5	212545178	212545179	25
5	212545179	212545183	26
5	212545183	212545184	27
5	212545184	212545187	28
5	212545187	212545189	27
5	212545189	212545201	28
5	212545201	212545203	27
5	212545203	212545205	28
5	212545205	212545206	29
5	212545206	212545208	30
5	212545208	212545210	31
5	212545210	212545212	30
5	212545212	212545215	29
5	212545215	212545216	28
5	212545216	212545217	27
5	212545217	212545219	28
5	212545219	212545220	29
5	212545220	212545222	28
5	212545222	212545223	26
5	212545223	212545225	28
5	212545225	212545230	29
5	212545230	212545231	28
5	212545231	212545233	27
5	212545233	212545235	26
5	212545235	212545238	25
5	212545238	212545239	26
5	212545239	212545243	27
5	212545243	212545246	26
5	212545246	212545247	24
5	212545247	212545249	25
5	212545249	212545251	24
5	212545251	212545252	25
5	212545252	212545253	26
5	212545253	212545254	25
5	212545254	212545258	24
5	212545258	212545259	23
5	212545259	212545262	22
5	212545262	212545264	23
5	212545264	212545265	22
5	212545265	212545271	23
5	212545271	212545273	22
5	212545273	212545278	23
5	212545278	212545279	22
5	212545279	212545280	23
5	212545280	212545281	21
5	212545281	212545283	22
5	212545283	212545286	21
5	212545286	212545289	22
5	212545289	212545291	23
5	212545291	212545292	22
5	212545292	212545294	23
5	212545294	212545298	21
5	212545298	212545300	20
5	212545300	212545301	18
5	212545301	212545305	17
5	212545305	212545312	18
5	212545312	212545314	19
5	212545314	212545317	18
5	212545317	212545321	17
5	212545321	212545322	16
5	212545322	212545326	15
5	212545326	212545327	14
5	212545327	212545331	13
5	212545331	212545334	12
5	212545334	212545339	11
5	212545339	212545340	10
5	212545340	212545347	9
5	212545347	212545351	8
5	212545351	212545356	9
5	212545356	212545358	10
5	212545358	212545360	11
5	212545360	212545364	10
5	212545364	212545367	9
5	212545367	212545368	8
5	212545368	212545369	9
5	212545369	212545370	8
5	212545370	212545374	9
5	212545374	212545380	11
5	212545380	212545383	10
5	212545383	212545385	11
5	212545385	212545387	12
5	212545387	212545395	11
5	212545395	212545399	12
5	212545399	212545400	13
5	212545400	212545413	14
5	212545413	212545420	15
5	212545420	212545421	16
5	212545421	212545425	17
5	212545425	212545431	16
5	212545431	212545433	14
5	212545433	212545441	13
5	212545441	212545443	14
5	212545443	212545444	13
5	212545444	212545445	15
5	212545445	212545447	14
5	212545447	212545454	13
5	212545454	212545458	14
5	212545458	212545460	13
5	212545460	212545465	12
5	212545465	212545467	13
5	212545467	212545470	14
5	212545470	212545474	13
5	212545474	212545475	12
5	212545475	212545488	11
5	212545488	212545496	10
5	212545496	212545502	9
5	212545502	212545505	10
5	212545505	212545508	11
5	212545508	212545516	12
5	212545516	212545518	11
5	212545518	212545519	10
5	212545519	212545521	9
5	212545521	212545522	8
5	212545522	212545524	9
5	212545524	212545527	8
5	212545527	212545537	7
5	212545537	212545550	6
5	212545550	212545553	7
5	212545553	212545566	8
5	212545566	212545569	9
5	212545569	212545573	8
5	212545573	212545577	9
5	212545577	212545583	8
5	212545583	212545597	7
5	212545597	212545601	6
5	212545601	212545602	8
5	212545602	212545615	7
5	212545615	212545625	9
5	212545625	212545628	8
5	212545628	212545641	7
5	212545641	212545648	6
5	212545648	212545655	5
5	212545655	212545661	4
5	212545661	212545668	5
5	212545668	212545676	6
5	212545676	212545678	4
5	212545678	212545687	5
5	212545687	212545689	6
5	212545689	212545690	5
5	212545690	212545691	4
5	212545691	212545707	5
5	212545707	212545736	6
5	212545736	212545738	5
5	212545738	212545742	6
5	212545742	212545743	7
5	212545743	212545745	6
5	212545745	212545748	7
5	212545748	212545751	8
5	212545751	212545762	9
5	212545762	212545764	8
5	212545764	212545765	9
5	212545765	212545782	8
5	212545782	212545784	7
5	212545784	212545795	8
5	212545795	212545799	9
5	212545799	212545807	10
5	212545807	212545813	11
5	212545813	212545817	10
5	212545817	212545820	9
5	212545820	212545822	8
5	212545822	212545826	7
5	212545826	212545836	5
5	212545836	212545838	6
5	212545838	212545843	7
5	212545843	212545859	8
5	212545859	212545869	7
5	212545869	212545874	6
5	212545874	212545876	5
5	212545876	212545888	4
5	212545888	212545890	5
5	212545890	212545892	6
5	212545892	212545896	7
5	212545896	212545911	8
5	212545911	212545912	6
5	212545912	212545914	5
5	212545914	212545918	6
5	212545918	212545927	5
5	212545927	212545947	6
5	212545947	212545957	7
5	212545957	212545963	6
5	212545963	212545965	5
5	212545965	212545967	4
5	212545967	212545971	5
5	212545971	212545988	4
5	212545988	212546002	3
5	212546002	212546020	2
5	212546020	212546021	1
5	212546021	212546033	2
5	212546033	212546039	3
5	212546039	212546042	4
5	212546042	212546078	3
5	212546078	212546108	4
5	212546108	212546114	3
5	212546114	212546153	2
5	212546153	212546170	1
5	212546179	212546252	1
5	212546252	212546253	2
5	212546253	212546265	1
5	212546265	212546315	2
5	212546315	212546319	3
5	212546319	212546327	4
5	212546327	212546333	3
5	212546333	212546339	4
5	212546339	212546384	3
5	212546384	212546390	4
5	212546390	212546393	3
5	212546393	212546406	2
5	212546406	212546410	1
5	212546410	212546458	2
5	212546458	212546459	3
5	212546459	212546477	2
5	212546477	212546485	3
5	212546485	212546533	2
5	212546533	212546552	1
5	212546594	212546595	1
5	212546595	212546603	2
5	212546603	212546607	3
5	212546607	212546662	4
5	212546662	212546669	5
5	212546669	212546670	4
5	212546670	212546672	3
5	212546672	212546678	4
5	212546678	212546682	3
5	212546682	212546690	2
5	212546690	212546711	3
5	212546711	212546735	4
5	212546735	212546747	3
5	212546747	212546748	2
5	212546748	212546759	3
5	212546759	212546780	4
5	212546780	212546786	5
5	212546786	212546797	4
5	212546797	212546805	5
5	212546805	212546809	6
5	212546809	212546812	7
5	212546812	212546813	8
5	212546813	212546823	9
5	212546823	212546833	8
5	212546833	212546834	9
5	212546834	212546838	8
5	212546838	212546853	7
5	212546853	212546870	6
5	212546870	212546872	7
5	212546872	212546876	6
5	212546876	212546878	7
5	212546878	212546880	6
5	212546880	212546884	5
5	212546884	212546885	6
5	212546885	212546886	5
5	212546886	212546888	4
5	212546888	212546898	5
5	212546898	212546908	7
5	212546908	212546913	6
5	212546913	212546920	7
5	212546920	212546925	8
5	212546925	212546949	9
5	212546949	212546959	8
5	212546959	212546963	7
5	212546963	212546969	6
5	212546969	212546971	7
5	212546971	212546973	6
5	212546973	212546977	5
5	212546977	212546980	6
5	212546980	212546985	7
5	212546985	212546988	8
5	212546988	212546995	7
5	212546995	212547000	6
5	212547000	212547008	5
5	212547008	212547020	6
5	212547020	212547022	5
5	212547022	212547040	6
5	212547040	212547042	7
5	212547042	212547052	6
5	212547052	212547058	5
5	212547058	212547088	4
5	212547088	212547090	5
5	212547090	212547096	6
5	212547096	212547109	5
5	212547109	212547115	6
5	212547115	212547130	5
5	212547130	212547144	4
5	212547144	212547156	5
5	212547156	212547158	6
5	212547158	212547162	5
5	212547162	212547165	4
5	212547165	212547184	3
5	212547184	212547185	2
5	212547185	212547189	3
5	212547189	212547197	4
5	212547197	212547213	5
5	212547213	212547217	6
5	212547217	212547224	5
5	212547224	212547241	6
5	212547241	212547259	7
5	212547259	212547261	6
5	212547261	212547267	7
5	212547267	212547271	8
5	212547271	212547272	9
5	212547272	212547278	8
5	212547278	212547288	9
5	212547288	212547297	8
5	212547297	212547299	9
5	212547299	212547306	8
5	212547306	212547316	7
5	212547316	212547335	6
5	212547335	212547339	5
5	212547339	212547341	4
5	212547341	212547346	3
5	212547346	212547353	2
5	212547353	212547365	1
5	212547365	212547371	2
5	212547371	212547373	1
5	212547373	212547408	2
5	212547408	212547422	3
5	212547422	212547439	4
5	212547439	212547443	3
5	212547443	212547448	4
5	212547448	212547483	3
5	212547483	212547497	2
5	212547497	212547508	1
5	212547508	212547517	2
5	212547517	212547518	3
5	212547518	212547583	2
5	212547583	212547591	1
5	212547657	212547703	1
5	212547703	212547730	2
5	212547730	212547774	1
5	212548035	212548051	1
5	212548051	212548110	2
5	212548110	212548201	1
5	212548227	212548284	1
5	212548284	212548302	2
5	212548302	212548359	1
5	212552869	212552944	1
5	212556708	212556762	1
5	212556762	212556783	2
5	212556783	212556797	1
5	212556797	212556837	2
5	212556837	212556871	1
5	212557063	212557138	1
5	212557289	212557363	1
5	212558067	212558142	1
5	212559022	212559097	1
5	212561638	212561712	1
5	212563473	212563547	1
5	212563671	212563690	1
5	212563690	212563745	2
5	212563745	212563765	1
5	212563792	212563867	1
5	212564905	212564980	1
5	212565178	212565253	1
5	212566895	212566970	1
5	212567171	212567238	1
5	212567238	212567246	2
5	212567246	212567313	1
5	212567401	212567420	1
5	212567420	212567476	2
5	212567476	212567495	1
5	212567585	212567660	1
5	212567753	212567828	1
5	212567901	212567941	1
5	212567941	212567976	2
5	212567976	212568016	1
5	212568087	212568157	1
5	212568157	212568162	2
5	212568162	212568232	1
5	212568238	212568313	1
5	212568815	212568890	1
5	212568946	212569021	1
5	212569037	212569067	1
5	212569067	212569112	2
5	212569112	212569142	1
5	212569213	212569253	1
5	212569253	212569288	2
5	212569288	212569325	1
5	212569402	212569414	1
5	212569414	212569477	2
5	212569477	212569489	1
5	212569733	212569768	1
5	212569768	212569807	2
5	212569807	212569811	1
5	212569811	212569817	2
5	212569817	212569843	3
5	212569843	212569873	2
5	212569873	212569882	3
5	212569882	212569886	2
5	212569886	212569948	1
5	212569970	212569984	1
5	212569984	212570042	2
5	212570042	212570059	1
5	212570074	212570149	1
5	212570166	212570182	1
5	212570182	212570194	2
5	212570194	212570205	3
5	212570205	212570241	4
5	212570241	212570257	3
5	212570257	212570269	2
5	212570269	212570280	1
5	212570330	212570336	1
5	212570336	212570354	2
5	212570354	212570356	3
5	212570356	212570396	4
5	212570396	212570405	5
5	212570405	212570411	4
5	212570411	212570429	3
5	212570429	212570431	2
5	212570431	212570433	1
5	212570433	212570436	2
5	212570436	212570470	3
5	212570470	212570486	2
5	212570486	212570507	3
5	212570507	212570511	2
5	212570511	212570561	1
5	212570585	212570592	1
5	212570592	212570612	2
5	212570612	212570628	3
5	212570628	212570660	4
5	212570660	212570661	3
5	212570661	212570666	4
5	212570666	212570686	3
5	212570686	212570690	2
5	212570690	212570703	3
5	212570703	212570704	2
5	212570704	212570736	4
5	212570736	212570746	3
5	212570746	212570765	4
5	212570765	212570778	3
5	212570778	212570821	1
5	212570903	212570926	1
5	212570926	212570932	3
5	212570932	212570940	4
5	212570940	212570991	5
5	212570991	212570994	6
5	212570994	212571001	7
5	212571001	212571005	5
5	212571005	212571007	6
5	212571007	212571015	5
5	212571015	212571053	4
5	212571053	212571066	3
5	212571066	212571069	2
5	212571069	212571075	1
5	212571075	212571076	2
5	212571076	212571080	3
5	212571080	212571107	2
5	212571107	212571144	3
5	212571144	212571150	4
5	212571150	212571151	3
5	212571151	212571175	2
5	212571175	212571182	3
5	212571182	212571193	2
5	212571193	212571198	3
5	212571198	212571202	4
5	212571202	212571217	5
5	212571217	212571219	6
5	212571219	212571250	5
5	212571250	212571268	4
5	212571268	212571273	3
5	212571273	212571277	2
5	212571277	212571292	1
5	212571308	212571310	1
5	212571310	212571341	2
5	212571341	212571383	3
5	212571383	212571384	2
5	212571384	212571386	1
5	212571386	212571410	2
5	212571410	212571416	3
5	212571416	212571424	2
5	212571424	212571438	3
5	212571438	212571485	2
5	212571485	212571496	1
5	212571526	212571575	1
5	212571575	212571584	2
5	212571584	212571601	3
5	212571601	212571628	2
5	212571628	212571659	1
5	212571717	212571792	1
5	212572035	212572110	1
5	212572147	212572154	1
5	212572154	212572210	2
5	212572210	212572222	3
5	212572222	212572225	2
5	212572225	212572236	3
5	212572236	212572237	4
5	212572237	212572271	5
5	212572271	212572275	6
5	212572275	212572285	7
5	212572285	212572300	6
5	212572300	212572304	5
5	212572304	212572307	4
5	212572307	212572311	5
5	212572311	212572312	4
5	212572312	212572321	3
5	212572321	212572338	4
5	212572338	212572345	5
5	212572345	212572346	6
5	212572346	212572350	5
5	212572350	212572382	4
5	212572382	212572396	3
5	212572396	212572401	2
5	212572401	212572403	3
5	212572403	212572406	4
5	212572406	212572413	5
5	212572413	212572419	4
5	212572419	212572425	3
5	212572425	212572458	4
5	212572458	212572460	5
5	212572460	212572462	6
5	212572462	212572470	7
5	212572470	212572475	8
5	212572475	212572478	7
5	212572478	212572481	6
5	212572481	212572487	5
5	212572487	212572496	6
5	212572496	212572500	7
5	212572500	212572503	6
5	212572503	212572505	7
5	212572505	212572506	8
5	212572506	212572509	9
5	212572509	212572516	10
5	212572516	212572525	11
5	212572525	212572527	12
5	212572527	212572529	13
5	212572529	212572533	14
5	212572533	212572535	13
5	212572535	212572537	12
5	212572537	212572538	11
5	212572538	212572542	12
5	212572542	212572546	13
5	212572546	212572547	14
5	212572547	212572548	15
5	212572548	212572551	16
5	212572551	212572552	17
5	212572552	212572557	18
5	212572557	212572560	19
5	212572560	212572561	20
5	212572561	212572565	19
5	212572565	212572571	20
5	212572571	212572572	19
5	212572572	212572578	20
5	212572578	212572580	19
5	212572580	212572581	18
5	212572581	212572584	17
5	212572584	212572587	16
5	212572587	212572590	17
5	212572590	212572592	16
5	212572592	212572593	17
5	212572593	212572599	18
5	212572599	212572600	20
5	212572600	212572604	19
5	212572604	212572610	18
5	212572610	212572611	17
5	212572611	212572614	16
5	212572614	212572615	17
5	212572615	212572617	18
5	212572617	212572619	17
5	212572619	212572627	14
5	212572627	212572632	13
5	212572632	212572635	12
5	212572635	212572638	13
5	212572638	212572640	14
5	212572640	212572648	13
5	212572648	212572653	14
5	212572653	212572655	15
5	212572655	212572658	14
5	212572658	212572659	15
5	212572659	212572662	16
5	212572662	212572663	15
5	212572663	212572669	16
5	212572669	212572670	17
5	212572670	212572672	18
5	212572672	212572674	19
5	212572674	212572679	17
5	212572679	212572687	18
5	212572687	212572698	19
5	212572698	212572703	18
5	212572703	212572706	19
5	212572706	212572707	20
5	212572707	212572709	21
5	212572709	212572710	20
5	212572710	212572711	19
5	212572711	212572713	20
5	212572713	212572720	19
5	212572720	212572721	18
5	212572721	212572723	19
5	212572723	212572727	20
5	212572727	212572728	19
5	212572728	212572729	20
5	212572729	212572733	21
5	212572733	212572734	20
5	212572734	212572736	19
5	212572736	212572737	20
5	212572737	212572739	19
5	212572739	212572740	20
5	212572740	212572746	21
5	212572746	212572747	22
5	212572747	212572752	21
5	212572752	212572753	22
5	212572753	212572754	23
5	212572754	212572755	22
5	212572755	212572758	23
5	212572758	212572761	24
5	212572761	212572762	23
5	212572762	212572766	24
5	212572766	212572771	25
5	212572771	212572772	26
5	212572772	212572783	27
5	212572783	212572787	28
5	212572787	212572788	29
5	212572788	212572789	30
5	212572789	212572792	31
5	212572792	212572795	32
5	212572795	212572799	34
5	212572799	212572800	35
5	212572800	212572801	36
5	212572801	212572803	37
5	212572803	212572804	36
5	212572804	212572805	35
5	212572805	212572807	36
5	212572807	212572809	37
5	212572809	212572811	38
5	212572811	212572813	39
5	212572813	212572814	38
5	212572814	212572815	37
5	212572815	212572816	36
5	212572816	212572820	35
5	212572820	212572821	34
5	212572821	212572825	33
5	212572825	212572828	35
5	212572828	212572830	34
5	212572830	212572831	33
5	212572831	212572832	32
5	212572832	212572837	33
5	212572837	212572839	32
5	212572839	212572841	33
5	212572841	212572843	32
5	212572843	212572846	33
5	212572846	212572847	32
5	212572847	212572852	31
5	212572852	212572856	30
5	212572856	212572858	29
5	212572858	212572860	28
5	212572860	212572861	29
5	212572861	212572865	28
5	212572865	212572867	29
5	212572867	212572868	28
5	212572868	212572870	27
5	212572870	212572873	25
5	212572873	212572874	24
5	212572874	212572875	23
5	212572875	212572876	22
5	212572876	212572877	21
5	212572877	212572882	20
5	212572882	212572884	21
5	212572884	212572885	20
5	212572885	212572888	21
5	212572888	212572890	22
5	212572890	212572891	21
5	212572891	212572892	22
5	212572892	212572894	24
5	212572894	212572897	25
5	212572897	212572898	26
5	212572898	212572900	27
5	212572900	212572903	25
5	212572903	212572905	24
5	212572905	212572907	25
5	212572907	212572911	24
5	212572911	212572914	25
5	212572914	212572915	24
5	212572915	212572917	25
5	212572917	212572918	26
5	212572918	212572919	25
5	212572919	212572922	26
5	212572922	212572925	27
5	212572925	212572929	28
5	212572929	212572932	29
5	212572932	212572935	28
5	212572935	212572936	27
5	212572936	212572937	28
5	212572937	212572940	27
5	212572940	212572946	26
5	212572946	212572951	27
5	212572951	212572953	28
5	212572953	212572954	29
5	212572954	212572955	30
5	212572955	212572956	29
5	212572956	212572957	28
5	212572957	212572959	27
5	212572959	212572962	25
5	212572962	212572963	26
5	212572963	212572966	25
5	212572966	212572967	23
5	212572967	212572968	22
5	212572968	212572970	23
5	212572970	212572973	24
5	212572973	212572974	23
5	212572974	212572976	24
5	212572976	212572977	23
5	212572977	212572979	24
5	212572979	212572981	25
5	212572981	212572984	26
5	212572984	212572985	27
5	212572985	212572987	26
5	212572987	212572990	27
5	212572990	212572992	26
5	212572992	212572998	25
5	212572998	212572999	26
5	212572999	212573000	27
5	212573000	212573001	26
5	212573001	212573002	27
5	212573002	212573003	26
5	212573003	212573005	27
5	212573005	212573010	29
5	212573010	212573011	30
5	212573011	212573012	29
5	212573012	212573013	28
5	212573013	212573014	29
5	212573014	212573015	28
5	212573015	212573020	29
5	212573020	212573025	30
5	212573025	212573026	29
5	212573026	212573028	30
5	212573028	212573029	31
5	212573029	212573038	30
5	212573038	212573042	31
5	212573042	212573043	30
5	212573043	212573044	29
5	212573044	212573047	28
5	212573047	212573049	29
5	212573049	212573052	28
5	212573052	212573053	27
5	212573053	212573054	26
5	212573054	212573056	24
5	212573056	212573059	23
5	212573059	212573060	22
5	212573060	212573061	21
5	212573061	212573062	20
5	212573062	212573065	19
5	212573065	212573072	20
5	212573072	212573073	19
5	212573073	212573076	20
5	212573076	212573077	19
5	212573077	212573078	20
5	212573078	212573079	19
5	212573079	212573080	18
5	212573080	212573085	17
5	212573085	212573088	16
5	212573088	212573092	15
5	212573092	212573094	17
5	212573094	212573096	16
5	212573096	212573097	15
5	212573097	212573100	14
5	212573100	212573101	16
5	212573101	212573109	15
5	212573109	212573110	16
5	212573110	212573112	17
5	212573112	212573113	16
5	212573113	212573118	15
5	212573118	212573127	16
5	212573127	212573129	17
5	212573129	212573133	18
5	212573133	212573135	19
5	212573135	212573137	20
5	212573137	212573140	21
5	212573140	212573143	20
5	212573143	212573144	19
5	212573144	212573146	20
5	212573146	212573148	21
5	212573148	212573152	20
5	212573152	212573153	19
5	212573153	212573154	18
5	212573154	212573161	17
5	212573161	212573162	18
5	212573162	212573165	19
5	212573165	212573166	18
5	212573166	212573172	17
5	212573172	212573178	18
5	212573178	212573181	17
5	212573181	212573184	16
5	212573184	212573185	15
5	212573185	212573192	14
5	212573192	212573197	13
5	212573197	212573198	12
5	212573198	212573202	13
5	212573202	212573203	12
5	212573203	212573204	10
5	212573204	212573212	9
5	212573212	212573219	10
5	212573219	212573221	9
5	212573221	212573231	8
5	212573231	212573232	7
5	212573232	212573237	8
5	212573237	212573240	7
5	212573240	212573245	8
5	212573245	212573246	7
5	212573246	212573251	8
5	212573251	212573252	7
5	212573252	212573271	8
5	212573271	212573272	7
5	212573272	212573277	8
5	212573277	212573280	9
5	212573280	212573285	10
5	212573285	212573287	9
5	212573287	212573289	8
5	212573289	212573294	9
5	212573294	212573298	8
5	212573298	212573301	9
5	212573301	212573311	10
5	212573311	212573315	9
5	212573315	212573316	8
5	212573316	212573321	9
5	212573321	212573327	8
5	212573327	212573346	7
5	212573346	212573352	6
5	212573352	212573355	5
5	212573355	212573358	4
5	212573358	212573364	5
5	212573364	212573373	4
5	212573373	212573375	3
5	212573375	212573390	2
5	212573390	212573394	1
5	212573394	212573398	2
5	212573398	212573399	3
5	212573399	212573403	4
5	212573403	212573427	5
5	212573427	212573432	6
5	212573432	212573437	5
5	212573437	212573443	6
5	212573443	212573468	7
5	212573468	212573473	6
5	212573473	212573474	5
5	212573474	212573476	4
5	212573476	212573480	3
5	212573480	212573502	4
5	212573502	212573512	3
5	212573512	212573517	2
5	212573517	212573555	1
5	212573608	212573642	1
5	212573642	212573683	2
5	212573683	212573717	1
5	212573745	212573820	1
5	212573938	212573954	1
5	212573954	212574013	2
5	212574013	212574029	1
5	212574170	212574207	1
5	212574207	212574232	2
5	212574232	212574245	3
5	212574245	212574269	2
5	212574269	212574307	1
5	212574377	212574451	1
5	212574548	212574623	1
5	212574683	212574758	1
5	212574803	212574878	1
5	212574996	212575024	1
5	212575024	212575043	2
5	212575043	212575070	3
5	212575070	212575087	2
5	212575087	212575093	3
5	212575093	212575099	4
5	212575099	212575117	3
5	212575117	212575162	2
5	212575162	212575168	1
5	212575301	212575353	1
5	212575353	212575376	2
5	212575376	212575408	1
5	212575408	212575417	2
5	212575417	212575428	3
5	212575428	212575437	2
5	212575437	212575483	3
5	212575483	212575492	2
5	212575492	212575510	1
5	212575543	212575567	1
5	212575567	212575570	2
5	212575570	212575618	3
5	212575618	212575642	2
5	212575642	212575645	1
5	212575679	212575683	1
5	212575683	212575753	2
5	212575753	212575758	1
5	212576076	212576111	1
5	212576111	212576151	2
5	212576151	212576157	1
5	212576157	212576174	2
5	212576174	212576175	3
5	212576175	212576186	4
5	212576186	212576219	3
5	212576219	212576225	4
5	212576225	212576228	5
5	212576228	212576249	4
5	212576249	212576250	3
5	212576250	212576293	2
5	212576293	212576294	3
5	212576294	212576298	2
5	212576298	212576318	1
5	212576318	212576325	2
5	212576325	212576354	3
5	212576354	212576362	4
5	212576362	212576368	5
5	212576368	212576371	4
5	212576371	212576393	5
5	212576393	212576400	4
5	212576400	212576428	3
5	212576428	212576436	2
5	212576436	212576446	1
5	212576543	212576618	1
5	212576678	212576692	1
5	212576692	212576702	2
5	212576702	212576730	3
5	212576730	212576761	4
5	212576761	212576767	5
5	212576767	212576775	4
5	212576775	212576786	3
5	212576786	212576805	4
5	212576805	212576808	3
5	212576808	212576826	4
5	212576826	212576831	3
5	212576831	212576836	4
5	212576836	212576853	3
5	212576853	212576858	4
5	212576858	212576866	3
5	212576866	212576876	2
5	212576876	212576882	3
5	212576882	212576889	4
5	212576889	212576891	5
5	212576891	212576894	6
5	212576894	212576906	7
5	212576906	212576920	6
5	212576920	212576928	7
5	212576928	212576951	6
5	212576951	212576957	5
5	212576957	212576964	4
5	212576964	212576966	3
5	212576966	212576969	2
5	212576969	212576991	1
5	212576991	212576994	2
5	212576994	212577029	1
5	212577029	212577034	2
5	212577034	212577049	3
5	212577049	212577052	4
5	212577052	212577065	3
5	212577065	212577066	4
5	212577066	212577082	5
5	212577082	212577085	6
5	212577085	212577103	7
5	212577103	212577104	8
5	212577104	212577109	7
5	212577109	212577117	6
5	212577117	212577124	7
5	212577124	212577132	6
5	212577132	212577140	8
5	212577140	212577141	7
5	212577141	212577156	6
5	212577156	212577159	5
5	212577159	212577172	4
5	212577172	212577178	5
5	212577178	212577179	4
5	212577179	212577184	3
5	212577184	212577196	4
5	212577196	212577199	5
5	212577199	212577206	7
5	212577206	212577207	6
5	212577207	212577245	5
5	212577245	212577247	6
5	212577247	212577257	5
5	212577257	212577258	6
5	212577258	212577263	5
5	212577263	212577271	6
5	212577271	212577273	5
5	212577273	212577274	4
5	212577274	212577288	3
5	212577288	212577306	5
5	212577306	212577320	6
5	212577320	212577332	5
5	212577332	212577336	4
5	212577336	212577362	3
5	212577362	212577363	2
5	212577363	212577368	1
5	212577368	212577369	2
5	212577369	212577371	3
5	212577371	212577373	4
5	212577373	212577381	5
5	212577381	212577382	4
5	212577382	212577442	5
5	212577442	212577444	4
5	212577444	212577446	3
5	212577446	212577447	2
5	212577447	212577457	1
5	212577521	212577574	1
5	212577574	212577596	2
5	212577596	212577604	1
5	212577604	212577605	2
5	212577605	212577640	3
5	212577640	212577649	4
5	212577649	212577669	3
5	212577669	212577678	2
5	212577678	212577694	1
5	212577694	212577714	2
5	212577714	212577769	1
5	212577808	212577843	1
5	212577843	212577883	2
5	212577883	212577918	1
5	212577972	212577990	1
5	212577990	212577994	2
5	212577994	212578045	3
5	212578045	212578065	2
5	212578065	212578069	1
5	212578360	212578433	1
5	212578511	212578584	1
5	212578697	212578772	1
5	212578783	212578858	1
5	212578997	212579072	1
5	212579077	212579110	1
5	212579110	212579111	2
5	212579111	212579150	3
5	212579150	212579185	2
5	212579185	212579186	1
5	212579275	212579350	1
5	212579353	212579373	1
5	212579373	212579428	2
5	212579428	212579448	1
5	212579495	212579560	1
5	212579560	212579570	2
5	212579570	212579603	1
5	212579603	212579635	2
5	212579635	212579678	1
5	212579818	212579893	1
5	212579907	212579961	1
5	212579985	212580009	1
5	212580009	212580084	3
5	212580084	212580118	1
5	212580118	212580135	2
5	212580135	212580193	1
5	212580233	212580235	1
5	212580235	212580281	2
5	212580281	212580291	3
5	212580291	212580299	4
5	212580299	212580303	5
5	212580303	212580307	6
5	212580307	212580309	5
5	212580309	212580317	4
5	212580317	212580331	5
5	212580331	212580339	6
5	212580339	212580356	7
5	212580356	212580362	6
5	212580362	212580373	7
5	212580373	212580378	6
5	212580378	212580382	5
5	212580382	212580387	6
5	212580387	212580391	7
5	212580391	212580406	6
5	212580406	212580414	5
5	212580414	212580429	4
5	212580429	212580437	5
5	212580437	212580440	4
5	212580440	212580450	3
5	212580450	212580457	4
5	212580457	212580462	3
5	212580462	212580469	2
5	212580469	212580480	3
5	212580480	212580504	4
5	212580504	212580513	3
5	212580513	212580525	4
5	212580525	212580544	3
5	212580544	212580555	2
5	212580555	212580565	1
5	212580565	212580587	2
5	212580587	212580588	3
5	212580588	212580600	2
5	212580600	212580637	3
5	212580637	212580640	4
5	212580640	212580661	3
5	212580661	212580664	2
5	212580664	212580702	1
5	212580702	212580712	2
5	212580712	212580777	1
5	212580797	212580872	1
5	212580994	212580997	1
5	212580997	212581069	2
5	212581069	212581072	1
5	212581084	212581159	1
5	212581168	212581209	1
5	212581209	212581243	2
5	212581243	212581284	1
5	212581328	212581360	1
5	212581360	212581403	2
5	212581403	212581409	1
5	212581409	212581433	2
5	212581433	212581484	1
5	212581501	212581576	1
5	212581595	212581744	1
5	212582051	212582093	1
5	212582093	212582126	2
5	212582126	212582168	1
5	212582193	212582232	1
5	212582232	212582238	2
5	212582238	212582256	3
5	212582256	212582268	4
5	212582268	212582293	3
5	212582293	212582307	4
5	212582307	212582313	3
5	212582313	212582331	2
5	212582331	212582352	1
5	212582352	212582368	2
5	212582368	212582427	1
5	212582434	212582462	1
5	212582462	212582537	2
5	212582537	212582583	1
5	212582857	212582930	1
5	212582955	212583030	1
5	212583136	212583211	1
5	212583391	212583466	1
5	212583488	212583497	1
5	212583497	212583563	2
5	212583563	212583572	1
5	212583626	212583701	1
5	212583708	212583783	1
5	212583825	212583832	1
5	212583832	212583900	2
5	212583900	212583906	1
5	212583956	212584031	1
5	212584125	212584200	1
5	212584260	212584303	1
5	212584303	212584335	2
5	212584335	212584377	1
5	212584446	212584521	1
5	212584581	212584654	1
5	212584830	212584845	1
5	212584845	212584889	2
5	212584889	212584904	3
5	212584904	212584905	4
5	212584905	212584907	3
5	212584907	212584919	4
5	212584919	212584963	3
5	212584963	212584971	2
5	212584971	212584981	1
5	212584986	212585047	1
5	212585047	212585060	2
5	212585060	212585091	1
5	212585091	212585106	2
5	212585106	212585122	3
5	212585122	212585166	2
5	212585166	212585169	1
5	212585169	212585181	2
5	212585181	212585191	1
5	212585191	212585236	2
5	212585236	212585244	3
5	212585244	212585266	2
5	212585266	212585301	1
5	212585301	212585311	2
5	212585311	212585375	1
5	212585380	212585447	1
5	212585447	212585455	2
5	212585455	212585522	1
5	212585536	212585611	1
5	212585720	212585726	1
5	212585726	212585750	2
5	212585750	212585794	3
5	212585794	212585801	2
5	212585801	212585823	1
5	212585874	212585949	1
5	212586042	212586057	1
5	212586057	212586072	2
5	212586072	212586117	3
5	212586117	212586127	2
5	212586127	212586132	3
5	212586132	212586147	2
5	212586147	212586200	1
5	212586200	212586202	2
5	212586202	212586275	1
5	212586386	212586403	1
5	212586403	212586446	2
5	212586446	212586478	3
5	212586478	212586486	2
5	212586486	212586500	3
5	212586500	212586521	4
5	212586521	212586524	3
5	212586524	212586533	4
5	212586533	212586561	3
5	212586561	212586575	2
5	212586575	212586599	1
5	212586659	212586733	1
5	212586755	212586765	1
5	212586765	212586795	2
5	212586795	212586830	3
5	212586830	212586832	2
5	212586832	212586870	1
5	212586896	212586971	1
5	212586979	212587054	1
5	212587260	212587335	1
5	212587749	212587802	1
5	212587802	212587824	2
5	212587824	212587846	1
5	212587846	212587877	2
5	212587877	212587921	1
5	212587979	212588054	1
5	212588173	212588248	1
5	212588373	212588388	1
5	212588388	212588448	2
5	212588448	212588463	1
5	212588825	212588900	1
5	212588926	212588935	1
5	212588935	212588999	2
5	212588999	212589010	1
5	212589179	212589222	1
5	212589222	212589254	2
5	212589254	212589268	1
5	212589268	212589281	2
5	212589281	212589297	3
5	212589297	212589337	2
5	212589337	212589343	3
5	212589343	212589355	2
5	212589355	212589412	1
5	212589573	212589648	1
5	212589800	212589875	1
5	212590220	212590295	1
5	212590421	212590495	1
5	212591036	212591058	1
5	212591058	212591111	2
5	212591111	212591133	1
5	212591295	212591370	1
5	212591803	212591878	1
5	212592144	212592217	1
5	212592272	212592347	1
5	212593039	212593114	1
5	212593172	212593194	1
5	212593194	212593247	2
5	212593247	212593269	1
5	212594345	212594420	1
5	212594881	212594956	1
5	212595511	212595586	1
5	212599337	212599349	1
5	212599349	212599412	2
5	212599412	212599424	1
5	212599704	212599778	1
5	212599805	212599879	1
5	212600086	212600158	1
5	212601060	212601111	1
5	212601111	212601135	2
5	212601135	212601186	1
5	212603939	212603953	1
5	212603953	212604013	2
5	212604013	212604028	1
5	212610319	212610327	1
5	212610327	212610328	2
5	212610328	212610394	3
5	212610394	212610402	2
5	212610402	212610403	1
5	212614858	212614866	1
5	212614866	212614933	2
5	212614933	212614941	1
5	212615278	212615281	1
5	212615281	212615353	2
5	212615353	212615356	1
5	212615906	212615981	1
5	212616326	212616339	1
5	212616339	212616348	2
5	212616348	212616401	3
5	212616401	212616413	2
5	212616413	212616422	1
5	212617075	212617150	1
5	212626655	212626730	1
5	212626909	212626925	1
5	212626925	212626984	2
5	212626984	212626999	1
5	212627068	212627143	1
5	212627374	212627390	1
5	212627390	212627447	2
5	212627447	212627465	1
5	212627598	212627673	1
5	212628317	212628367	1
5	212628367	212628392	2
5	212628392	212628442	1
5	212628649	212628720	1
5	212628839	212628895	1
5	212628895	212628914	2
5	212628914	212628970	1
5	212628983	212629058	1
5	212629080	212629155	1
5	212629353	212629403	1
5	212629403	212629404	2
5	212629404	212629427	3
5	212629427	212629430	2
5	212629430	212629469	3
5	212629469	212629478	4
5	212629478	212629479	3
5	212629479	212629491	2
5	212629491	212629498	3
5	212629498	212629505	4
5	212629505	212629543	3
5	212629543	212629566	2
5	212629566	212629573	1
5	212629593	212629642	1
5	212629642	212629667	2
5	212629667	212629678	1
5	212629678	212629717	2
5	212629717	212629728	1
5	212629728	212629753	2
5	212629753	212629791	1
5	212629791	212629803	2
5	212629803	212629866	1
5	212630067	212630117	1
5	212630117	212630127	2
5	212630127	212630149	1
5	212630149	212630159	2
5	212630159	212630192	3
5	212630192	212630199	2
5	212630199	212630214	3
5	212630214	212630223	4
5	212630223	212630234	3
5	212630234	212630256	2
5	212630256	212630257	1
5	212630257	212630289	2
5	212630289	212630320	1
5	212630320	212630332	2
5	212630332	212630355	1
5	212630355	212630395	2
5	212630395	212630417	1
5	212630417	212630429	2
5	212630429	212630466	1
5	212630466	212630492	2
5	212630492	212630507	1
5	212630507	212630541	2
5	212630541	212630580	1
5	212630845	212630882	1
5	212630882	212630885	2
5	212630885	212630919	3
5	212630919	212630957	2
5	212630957	212630958	1
5	212631029	212631104	1
5	212631136	212631153	1
5	212631153	212631180	2
5	212631180	212631211	3
5	212631211	212631228	2
5	212631228	212631252	1
5	212631383	212631402	1
5	212631402	212631433	2
5	212631433	212631477	1
5	212631602	212631639	1
5	212631639	212631677	2
5	212631677	212631714	1
5	212631824	212631850	1
5	212631850	212631899	2
5	212631899	212631918	1
5	212632017	212632060	1
5	212632060	212632092	2
5	212632092	212632119	1
5	212632119	212632135	2
5	212632135	212632194	1
5	212632392	212632467	1
5	212632561	212632594	1
5	212632594	212632619	2
5	212632619	212632626	3
5	212632626	212632636	4
5	212632636	212632654	3
5	212632654	212632694	2
5	212632694	212632700	1
5	212632738	212632791	1
5	212632791	212632812	2
5	212632812	212632866	1
5	212632868	212632943	1
5	212633100	212633175	1
5	212633415	212633440	1
5	212633440	212633490	2
5	212633490	212633491	1
5	212633491	212633511	2
5	212633511	212633515	3
5	212633515	212633565	2
5	212633565	212633570	1
5	212633570	212633580	2
5	212633580	212633586	3
5	212633586	212633589	2
5	212633589	212633611	3
5	212633611	212633620	4
5	212633620	212633645	5
5	212633645	212633653	4
5	212633653	212633664	3
5	212633664	212633686	2
5	212633686	212633695	1
5	212633710	212633723	1
5	212633723	212633767	2
5	212633767	212633785	3
5	212633785	212633798	2
5	212633798	212633823	1
5	212633823	212633826	2
5	212633826	212633842	3
5	212633842	212633874	2
5	212633874	212633898	3
5	212633898	212633900	2
5	212633900	212633947	1
5	212633990	212634049	1
5	212634049	212634065	2
5	212634065	212634087	1
5	212634087	212634124	2
5	212634124	212634150	1
5	212634150	212634162	2
5	212634162	212634216	1
5	212634216	212634225	2
5	212634225	212634230	1
5	212634230	212634290	2
5	212634290	212634303	1
5	212634303	212634305	2
5	212634305	212634332	1
5	212634332	212634360	2
5	212634360	212634377	3
5	212634377	212634392	2
5	212634392	212634435	3
5	212634435	212634447	2
5	212634447	212634466	3
5	212634466	212634469	2
5	212634469	212634474	3
5	212634474	212634481	4
5	212634481	212634482	3
5	212634482	212634520	4
5	212634520	212634522	5
5	212634522	212634544	4
5	212634544	212634549	3
5	212634549	212634557	2
5	212634557	212634576	1
5	212634576	212634595	2
5	212634595	212634617	1
5	212634617	212634651	2
5	212634651	212634656	1
5	212634656	212634662	2
5	212634662	212634666	3
5	212634666	212634672	4
5	212634672	212634682	5
5	212634682	212634686	6
5	212634686	212634687	7
5	212634687	212634690	8
5	212634690	212634730	7
5	212634730	212634737	6
5	212634737	212634740	5
5	212634740	212634745	4
5	212634745	212634747	5
5	212634747	212634756	4
5	212634756	212634761	3
5	212634761	212634800	1
5	212634800	212634805	2
5	212634805	212634819	3
5	212634819	212634829	2
5	212634829	212634837	3
5	212634837	212634856	4
5	212634856	212634874	5
5	212634874	212634880	4
5	212634880	212634904	3
5	212634904	212634912	2
5	212634912	212634918	1
5	212634918	212634931	2
5	212634931	212634937	1
5	212634937	212634978	2
5	212634978	212634993	3
5	212634993	212635012	2
5	212635012	212635053	1
5	212635073	212635082	1
5	212635082	212635117	2
5	212635117	212635132	3
5	212635132	212635146	4
5	212635146	212635148	5
5	212635148	212635157	4
5	212635157	212635174	3
5	212635174	212635192	4
5	212635192	212635207	3
5	212635207	212635208	2
5	212635208	212635221	3
5	212635221	212635239	2
5	212635239	212635249	3
5	212635249	212635250	2
5	212635250	212635259	3
5	212635259	212635283	4
5	212635283	212635286	3
5	212635286	212635294	4
5	212635294	212635308	5
5	212635308	212635314	6
5	212635314	212635324	5
5	212635324	212635331	4
5	212635331	212635334	5
5	212635334	212635343	4
5	212635343	212635359	5
5	212635359	212635361	6
5	212635361	212635369	5
5	212635369	212635406	4
5	212635406	212635418	3
5	212635418	212635430	2
5	212635430	212635433	3
5	212635433	212635438	2
5	212635438	212635439	3
5	212635439	212635444	4
5	212635444	212635445	5
5	212635445	212635458	6
5	212635458	212635483	5
5	212635483	212635485	6
5	212635485	212635487	7
5	212635487	212635505	9
5	212635505	212635509	8
5	212635509	212635513	9
5	212635513	212635514	7
5	212635514	212635519	8
5	212635519	212635520	7
5	212635520	212635527	8
5	212635527	212635536	9
5	212635536	212635537	10
5	212635537	212635545	11
5	212635545	212635551	12
5	212635551	212635552	13
5	212635552	212635556	14
5	212635556	212635560	15
5	212635560	212635562	14
5	212635562	212635586	12
5	212635586	212635589	13
5	212635589	212635593	12
5	212635593	212635594	13
5	212635594	212635597	12
5	212635597	212635602	13
5	212635602	212635612	12
5	212635612	212635620	11
5	212635620	212635625	10
5	212635625	212635626	11
5	212635626	212635627	10
5	212635627	212635630	9
5	212635630	212635632	8
5	212635632	212635633	9
5	212635633	212635635	8
5	212635635	212635636	9
5	212635636	212635652	10
5	212635652	212635659	11
5	212635659	212635660	10
5	212635660	212635666	9
5	212635666	212635668	8
5	212635668	212635672	7
5	212635672	212635673	6
5	212635673	212635676	7
5	212635676	212635679	8
5	212635679	212635686	9
5	212635686	212635696	8
5	212635696	212635700	9
5	212635700	212635701	8
5	212635701	212635704	9
5	212635704	212635705	10
5	212635705	212635710	9
5	212635710	212635711	8
5	212635711	212635713	7
5	212635713	212635717	9
5	212635717	212635727	10
5	212635727	212635740	9
5	212635740	212635741	10
5	212635741	212635743	11
5	212635743	212635747	12
5	212635747	212635748	11
5	212635748	212635751	12
5	212635751	212635752	11
5	212635752	212635754	12
5	212635754	212635758	11
5	212635758	212635763	13
5	212635763	212635767	14
5	212635767	212635770	15
5	212635770	212635776	14
5	212635776	212635778	13
5	212635778	212635779	14
5	212635779	212635788	13
5	212635788	212635790	11
5	212635790	212635794	10
5	212635794	212635805	11
5	212635805	212635813	12
5	212635813	212635816	11
5	212635816	212635818	10
5	212635818	212635823	9
5	212635823	212635827	8
5	212635827	212635832	7
5	212635832	212635833	6
5	212635833	212635836	5
5	212635836	212635837	6
5	212635837	212635842	5
5	212635842	212635849	4
5	212635849	212635851	5
5	212635851	212635852	6
5	212635852	212635853	7
5	212635853	212635867	6
5	212635867	212635869	7
5	212635869	212635878	6
5	212635878	212635880	7
5	212635880	212635883	6
5	212635883	212635887	7
5	212635887	212635905	8
5	212635905	212635910	9
5	212635910	212635924	8
5	212635924	212635926	7
5	212635926	212635927	6
5	212635927	212635942	5
5	212635942	212635953	4
5	212635953	212635955	3
5	212635955	212635961	2
5	212635961	212635980	1
5	212636001	212636076	1
5	212636306	212636313	1
5	212636313	212636379	2
5	212636379	212636388	1
5	212636408	212636411	1
5	212636411	212636483	2
5	212636483	212636486	1
5	212636508	212636528	1
5	212636528	212636583	2
5	212636583	212636585	1
5	212636585	212636600	2
5	212636600	212636603	3
5	212636603	212636658	2
5	212636658	212636675	1
5	212636743	212636818	1
5	212637065	212637139	1
5	212637190	212637224	1
5	212637224	212637265	2
5	212637265	212637299	1
5	212637327	212637359	1
5	212637359	212637401	2
5	212637401	212637433	1
5	212637818	212637885	1
5	212637885	212637893	2
5	212637893	212637960	1
5	212638088	212638162	1
5	212638163	212638188	1
5	212638188	212638220	2
5	212638220	212638238	3
5	212638238	212638263	2
5	212638263	212638295	1
5	212638459	212638467	1
5	212638467	212638534	2
5	212638534	212638542	1
5	212638580	212638655	1
5	212638772	212638846	1
5	212639080	212639155	1
5	212639366	212639441	1
5	212639469	212639544	1
5	212639752	212639826	1
5	212639861	212639936	1
5	212640609	212640684	1
5	212640957	212641032	1
5	212641618	212641692	1
5	212642489	212642529	1
5	212642529	212642564	2
5	212642564	212642604	1
5	212642942	212642996	1
5	212642996	212643016	2
5	212643016	212643049	1
5	212643107	212643145	1
5	212643145	212643182	2
5	212643182	212643220	1
5	212643326	212643336	1
5	212643336	212643347	2
5	212643347	212643365	3
5	212643365	212643369	4
5	212643369	212643395	5
5	212643395	212643399	6
5	212643399	212643409	5
5	212643409	212643411	6
5	212643411	212643414	5
5	212643414	212643422	6
5	212643422	212643432	5
5	212643432	212643436	6
5	212643436	212643444	7
5	212643444	212643463	6
5	212643463	212643470	7
5	212643470	212643484	6
5	212643484	212643489	5
5	212643489	212643490	4
5	212643490	212643506	5
5	212643506	212643511	4
5	212643511	212643515	3
5	212643515	212643530	2
5	212643530	212643537	3
5	212643537	212643544	2
5	212643544	212643549	3
5	212643549	212643559	4
5	212643559	212643564	5
5	212643564	212643583	4
5	212643583	212643605	5
5	212643605	212643610	4
5	212643610	212643619	5
5	212643619	212643620	4
5	212643620	212643624	5
5	212643624	212643628	4
5	212643628	212643634	5
5	212643634	212643649	4
5	212643649	212643652	5
5	212643652	212643657	6
5	212643657	212643669	5
5	212643669	212643670	6
5	212643670	212643681	7
5	212643681	212643685	8
5	212643685	212643695	7
5	212643695	212643701	6
5	212643701	212643703	7
5	212643703	212643723	6
5	212643723	212643727	5
5	212643727	212643729	4
5	212643729	212643735	5
5	212643735	212643744	6
5	212643744	212643745	5
5	212643745	212643755	4
5	212643755	212643776	3
5	212643776	212643796	2
5	212643796	212643804	3
5	212643804	212643810	2
5	212643810	212643830	1
5	212643830	212643871	2
5	212643871	212643905	1
5	212643910	212643985	1
5	212644713	212644783	1
5	212644783	212644788	2
5	212644788	212644858	1
5	212645807	212645857	1
5	212645857	212645882	2
5	212645882	212645932	1
5	212646737	212646812	1
5	212646824	212646899	1
5	212647047	212647122	1
5	212648797	212648872	1
5	212649897	212649972	1
5	212650380	212650455	1
5	212650620	212650695	1
5	212651454	212651460	1
5	212651460	212651482	3
5	212651482	212651529	4
5	212651529	212651535	3
5	212651535	212651557	1
5	212652329	212652404	1
5	212652473	212652548	1
5	212653883	212653958	1
5	212656879	212656954	1
5	212657985	212658060	1
5	212658344	212658354	1
5	212658354	212658419	2
5	212658419	212658429	1
5	212658733	212658808	1
5	212658967	212659042	1
5	212659462	212659537	1
5	212659637	212659671	1
5	212659671	212659712	2
5	212659712	212659746	1
5	212659820	212659895	1
5	212660409	212660484	1
5	212660512	212660587	1
5	212661971	212662045	1
