DMR_Chr	DMR_S	DMR_E	m(P1-P2)	Sweep_Chr	Sweep_S	Sweep__E	XPCLR	DMR_Type
1	14522183	14522872	0.535324	1	14395001	14590000	66.62027357	CG_TEO_MZ_Hypo_DMR_sweep
1	80851634	80852178	0.889715	1	80840001	80960000	99.83077316	CG_TEO_MZ_Hypo_DMR_sweep
1	118122360	118122518	0.875744	1	118110001	118270000	97.77183806	CG_TEO_MZ_Hypo_DMR_sweep
1	118123239	118123758	0.525933	1	118110001	118270000	97.77183806	CG_TEO_MZ_Hypo_DMR_sweep
1	119922625	119923317	0.825481	1	119560001	120050000	109.709553	CG_TEO_MZ_Hypo_DMR_sweep
1	119937001	119937335	0.830013	1	119560001	120050000	109.709553	CG_TEO_MZ_Hypo_DMR_sweep
1	127360375	127360598	0.477004	1	126720001	127370000	125.5998028	CG_TEO_MZ_Hypo_DMR_sweep
1	127862503	127862699	0.497938	1	127525001	129020000	148.1444861	CG_TEO_MZ_Hypo_DMR_sweep
1	128761289	128761566	0.405359	1	127525001	129020000	148.1444861	CG_TEO_MZ_Hypo_DMR_sweep
1	128775253	128775637	0.709437	1	127525001	129020000	148.1444861	CG_TEO_MZ_Hypo_DMR_sweep
1	129828546	129829765	0.5608	1	129610001	130695000	101.9807369	CG_TEO_MZ_Hypo_DMR_sweep
1	130926448	130926768	0.561921	1	130745001	131505000	99.98313809	CG_TEO_MZ_Hypo_DMR_sweep
1	135668406	135668949	0.839106	1	134730001	136270000	141.8468933	CG_TEO_MZ_Hypo_DMR_sweep
1	137652238	137652317	0.733895	1	137540001	138255000	125.5053817	CG_TEO_MZ_Hypo_DMR_sweep
1	139367230	139367635	0.837585	1	139275001	139775000	110.6194361	CG_TEO_MZ_Hypo_DMR_sweep
1	139460699	139460952	0.66198	1	139275001	139775000	110.6194361	CG_TEO_MZ_Hypo_DMR_sweep
1	140038533	140039212	0.884786	1	139900001	140925000	138.2913258	CG_TEO_MZ_Hypo_DMR_sweep
1	140851632	140851811	0.56446	1	139900001	140925000	138.2913258	CG_TEO_MZ_Hypo_DMR_sweep
1	148438548	148438802	0.823604	1	148370001	148560000	60.98207418	CG_TEO_MZ_Hypo_DMR_sweep
1	156585603	156585994	0.693139	1	156490001	156700000	85.57629534	CG_TEO_MZ_Hypo_DMR_sweep
1	156677247	156677426	0.428648	1	156490001	156700000	85.57629534	CG_TEO_MZ_Hypo_DMR_sweep
1	159291821	159292274	0.567572	1	159190001	159315000	70.63441823	CG_TEO_MZ_Hypo_DMR_sweep
1	164365874	164366390	0.464101	1	164330001	164630000	66.49225657	CG_TEO_MZ_Hypo_DMR_sweep
1	185476494	185477307	0.440177	1	185365001	185480000	67.78093732	CG_TEO_MZ_Hypo_DMR_sweep
1	185477986	185478310	0.464339	1	185365001	185480000	67.78093732	CG_TEO_MZ_Hypo_DMR_sweep
1	214773234	214773351	0.776225	1	214725001	215060000	98.68238224	CG_TEO_MZ_Hypo_DMR_sweep
1	270512522	270513056	0.796947	1	270480001	270595000	67.15364758	CG_TEO_MZ_Hypo_DMR_sweep
1	278895434	278898312	0.695664	1	278850001	279015000	83.63337165	CG_TEO_MZ_Hypo_DMR_sweep
2	17578260	17578574	0.890047	2	17565001	17625000	63.29589679	CG_TEO_MZ_Hypo_DMR_sweep
2	26281731	26282629	0.561409	2	26190001	27135000	163.3610199	CG_TEO_MZ_Hypo_DMR_sweep
2	26840253	26840826	0.518086	2	26190001	27135000	163.3610199	CG_TEO_MZ_Hypo_DMR_sweep
2	26844518	26845253	0.500568	2	26190001	27135000	163.3610199	CG_TEO_MZ_Hypo_DMR_sweep
2	37080418	37080967	0.500205	2	36845001	37145000	81.14649736	CG_TEO_MZ_Hypo_DMR_sweep
2	37117817	37118686	0.444181	2	36845001	37145000	81.14649736	CG_TEO_MZ_Hypo_DMR_sweep
2	75237591	75237890	0.476408	2	75210001	75410000	77.55159624	CG_TEO_MZ_Hypo_DMR_sweep
2	94282849	94283466	0.471451	2	93625001	94770000	144.4352016	CG_TEO_MZ_Hypo_DMR_sweep
2	98238477	98239044	0.582005	2	97690001	98500000	120.68224	CG_TEO_MZ_Hypo_DMR_sweep
2	98239369	98239509	0.464189	2	97690001	98500000	120.68224	CG_TEO_MZ_Hypo_DMR_sweep
2	98952042	98952224	0.897603	2	98725001	99055000	104.2827579	CG_TEO_MZ_Hypo_DMR_sweep
2	99680103	99680991	0.437532	2	99310001	100210000	107.8253189	CG_TEO_MZ_Hypo_DMR_sweep
2	99760981	99761331	0.750609	2	99310001	100210000	107.8253189	CG_TEO_MZ_Hypo_DMR_sweep
2	100170419	100171043	0.746807	2	99310001	100210000	107.8253189	CG_TEO_MZ_Hypo_DMR_sweep
2	101579167	101579524	0.724517	2	100930001	102100000	142.7613287	CG_TEO_MZ_Hypo_DMR_sweep
2	101769366	101770154	0.705215	2	100930001	102100000	142.7613287	CG_TEO_MZ_Hypo_DMR_sweep
2	103115651	103116084	0.699728	2	103110001	104100000	121.2852417	CG_TEO_MZ_Hypo_DMR_sweep
2	104049639	104049946	0.613277	2	103110001	104100000	121.2852417	CG_TEO_MZ_Hypo_DMR_sweep
2	105061787	105062003	0.773841	2	104555001	105125000	112.5752626	CG_TEO_MZ_Hypo_DMR_sweep
2	110108032	110108304	0.468474	2	109815001	110485000	166.6444464	CG_TEO_MZ_Hypo_DMR_sweep
2	118781096	118781825	0.772543	2	118200001	119625000	190.9261675	CG_TEO_MZ_Hypo_DMR_sweep
2	121938893	121939552	0.784818	2	121930001	122160000	79.09048912	CG_TEO_MZ_Hypo_DMR_sweep
2	132182224	132182348	0.560997	2	132140001	132375000	123.5159672	CG_TEO_MZ_Hypo_DMR_sweep
2	166115484	166116420	0.426	2	165945001	166175000	117.5484918	CG_TEO_MZ_Hypo_DMR_sweep
2	198820415	198820861	0.474687	2	198630001	198995000	113.3377215	CG_TEO_MZ_Hypo_DMR_sweep
2	236611656	236612039	0.663542	2	236550001	236690000	66.8277316	CG_TEO_MZ_Hypo_DMR_sweep
3	189666	190235	0.481007	3	5001	255000	126.6069872	CG_TEO_MZ_Hypo_DMR_sweep
3	12025586	12026563	0.585957	3	11925001	12030000	73.92356957	CG_TEO_MZ_Hypo_DMR_sweep
3	71475141	71475922	0.564815	3	70160001	73195000	184.0125358	CG_TEO_MZ_Hypo_DMR_sweep
3	71571292	71571618	0.813372	3	70160001	73195000	184.0125358	CG_TEO_MZ_Hypo_DMR_sweep
3	71811887	71812030	0.550284	3	70160001	73195000	184.0125358	CG_TEO_MZ_Hypo_DMR_sweep
3	73681178	73681591	0.50315	3	73260001	79785000	173.1603758	CG_TEO_MZ_Hypo_DMR_sweep
3	74617510	74617809	0.712762	3	73260001	79785000	173.1603758	CG_TEO_MZ_Hypo_DMR_sweep
3	74688020	74688505	0.443596	3	73260001	79785000	173.1603758	CG_TEO_MZ_Hypo_DMR_sweep
3	75357257	75358132	0.505602	3	73260001	79785000	173.1603758	CG_TEO_MZ_Hypo_DMR_sweep
3	75669019	75669578	0.761111	3	73260001	79785000	173.1603758	CG_TEO_MZ_Hypo_DMR_sweep
3	78211132	78211675	0.500089	3	73260001	79785000	173.1603758	CG_TEO_MZ_Hypo_DMR_sweep
3	78897962	78898997	0.737394	3	73260001	79785000	173.1603758	CG_TEO_MZ_Hypo_DMR_sweep
3	79160529	79161083	0.547256	3	73260001	79785000	173.1603758	CG_TEO_MZ_Hypo_DMR_sweep
3	80033383	80033710	0.802193	3	79840001	80405000	120.6627541	CG_TEO_MZ_Hypo_DMR_sweep
3	88434376	88434612	0.507687	3	87905001	89280000	101.4818129	CG_TEO_MZ_Hypo_DMR_sweep
3	92478122	92478800	0.760693	3	91980001	92560000	98.04362902	CG_TEO_MZ_Hypo_DMR_sweep
3	92536414	92536900	0.648455	3	91980001	92560000	98.04362902	CG_TEO_MZ_Hypo_DMR_sweep
3	93367827	93367954	0.600363	3	93310001	93530000	107.902188	CG_TEO_MZ_Hypo_DMR_sweep
3	93497255	93497497	0.40218	3	93310001	93530000	107.902188	CG_TEO_MZ_Hypo_DMR_sweep
3	96371242	96371398	0.7785	3	96040001	97565000	173.806976	CG_TEO_MZ_Hypo_DMR_sweep
3	97015194	97016039	0.709642	3	96040001	97565000	173.806976	CG_TEO_MZ_Hypo_DMR_sweep
3	145163299	145163850	0.413256	3	144975001	145520000	112.6818956	CG_TEO_MZ_Hypo_DMR_sweep
3	145482368	145482786	0.494475	3	144975001	145520000	112.6818956	CG_TEO_MZ_Hypo_DMR_sweep
3	226695206	226695639	0.792361	3	226680001	226820000	99.63792163	CG_TEO_MZ_Hypo_DMR_sweep
4	35018538	35018760	0.449859	4	34980001	35225000	63.24427458	CG_TEO_MZ_Hypo_DMR_sweep
4	39428185	39428769	0.788726	4	39260001	39480000	79.10381892	CG_TEO_MZ_Hypo_DMR_sweep
4	41764414	41765103	0.613738	4	41535001	41965000	83.30752113	CG_TEO_MZ_Hypo_DMR_sweep
4	41802501	41803129	0.847811	4	41535001	41965000	83.30752113	CG_TEO_MZ_Hypo_DMR_sweep
4	50025778	50026534	0.526279	4	49840001	50580000	99.47952407	CG_TEO_MZ_Hypo_DMR_sweep
4	50213407	50213705	0.644212	4	49840001	50580000	99.47952407	CG_TEO_MZ_Hypo_DMR_sweep
4	60824086	60824524	0.848724	4	60695001	60850000	116.8142997	CG_TEO_MZ_Hypo_DMR_sweep
4	61665646	61665972	0.560746	4	61060001	62430000	186.842663	CG_TEO_MZ_Hypo_DMR_sweep
4	74960831	74961315	0.624526	4	74880001	75580000	130.4473614	CG_TEO_MZ_Hypo_DMR_sweep
4	89512341	89512559	0.413328	4	88610001	91075000	117.8394042	CG_TEO_MZ_Hypo_DMR_sweep
4	89813861	89814180	0.530614	4	88610001	91075000	117.8394042	CG_TEO_MZ_Hypo_DMR_sweep
4	90420384	90420798	0.411326	4	88610001	91075000	117.8394042	CG_TEO_MZ_Hypo_DMR_sweep
4	92342798	92342997	0.531384	4	91715001	92845000	130.9796512	CG_TEO_MZ_Hypo_DMR_sweep
4	93176367	93176782	0.842871	4	93165001	93260000	63.65640791	CG_TEO_MZ_Hypo_DMR_sweep
4	93702057	93702181	0.809822	4	93685001	93850000	82.56006231	CG_TEO_MZ_Hypo_DMR_sweep
4	94141940	94142637	0.844447	4	94135001	94190000	72.13164736	CG_TEO_MZ_Hypo_DMR_sweep
4	98939711	98940020	0.481917	4	97645001	100290000	157.0532889	CG_TEO_MZ_Hypo_DMR_sweep
4	99889086	99889486	0.580617	4	97645001	100290000	157.0532889	CG_TEO_MZ_Hypo_DMR_sweep
4	101078882	101079265	0.632808	4	100410001	101180000	143.8117678	CG_TEO_MZ_Hypo_DMR_sweep
4	101080364	101080573	0.723951	4	100410001	101180000	143.8117678	CG_TEO_MZ_Hypo_DMR_sweep
4	101099233	101099827	0.420358	4	100410001	101180000	143.8117678	CG_TEO_MZ_Hypo_DMR_sweep
4	101147221	101147783	0.855097	4	100410001	101180000	143.8117678	CG_TEO_MZ_Hypo_DMR_sweep
4	101149107	101150333	0.496983	4	100410001	101180000	143.8117678	CG_TEO_MZ_Hypo_DMR_sweep
4	101157502	101157718	0.782126	4	100410001	101180000	143.8117678	CG_TEO_MZ_Hypo_DMR_sweep
4	101159287	101159754	0.589772	4	100410001	101180000	143.8117678	CG_TEO_MZ_Hypo_DMR_sweep
4	102622252	102622524	0.411387	4	102115001	103130000	157.7559549	CG_TEO_MZ_Hypo_DMR_sweep
4	102884155	102884676	0.550393	4	102115001	103130000	157.7559549	CG_TEO_MZ_Hypo_DMR_sweep
4	103197429	103198327	0.646326	4	103195001	104635000	167.3981375	CG_TEO_MZ_Hypo_DMR_sweep
4	103433573	103434763	0.498353	4	103195001	104635000	167.3981375	CG_TEO_MZ_Hypo_DMR_sweep
4	103848982	103849491	0.84509	4	103195001	104635000	167.3981375	CG_TEO_MZ_Hypo_DMR_sweep
4	105589162	105589296	0.483449	4	105420001	105620000	133.1286173	CG_TEO_MZ_Hypo_DMR_sweep
4	106782184	106782567	0.559271	4	106605001	106830000	144.1143549	CG_TEO_MZ_Hypo_DMR_sweep
4	106782881	106783149	0.498026	4	106605001	106830000	144.1143549	CG_TEO_MZ_Hypo_DMR_sweep
4	111365429	111366089	0.701157	4	110600001	112610000	174.0385224	CG_TEO_MZ_Hypo_DMR_sweep
4	111845859	111846903	0.42162	4	110600001	112610000	174.0385224	CG_TEO_MZ_Hypo_DMR_sweep
4	112073562	112073930	0.771619	4	110600001	112610000	174.0385224	CG_TEO_MZ_Hypo_DMR_sweep
4	112126560	112127161	0.806519	4	110600001	112610000	174.0385224	CG_TEO_MZ_Hypo_DMR_sweep
4	112578932	112579385	0.871607	4	110600001	112610000	174.0385224	CG_TEO_MZ_Hypo_DMR_sweep
4	112943120	112943257	0.445963	4	112660001	113445000	120.604842	CG_TEO_MZ_Hypo_DMR_sweep
4	113078415	113078876	0.753305	4	112660001	113445000	120.604842	CG_TEO_MZ_Hypo_DMR_sweep
4	113719997	113720470	0.457035	4	113595001	114310000	107.4728946	CG_TEO_MZ_Hypo_DMR_sweep
4	117190586	117190850	0.415342	4	116945001	117410000	81.96142812	CG_TEO_MZ_Hypo_DMR_sweep
4	117197228	117197929	0.584145	4	116945001	117410000	81.96142812	CG_TEO_MZ_Hypo_DMR_sweep
4	117917655	117918763	0.544082	4	117600001	118360000	150.425658	CG_TEO_MZ_Hypo_DMR_sweep
4	118081782	118082024	0.585718	4	117600001	118360000	150.425658	CG_TEO_MZ_Hypo_DMR_sweep
4	118650056	118650664	0.915965	4	118510001	118680000	62.23599597	CG_TEO_MZ_Hypo_DMR_sweep
4	120145040	120145124	0.763234	4	119790001	120435000	94.4493842	CG_TEO_MZ_Hypo_DMR_sweep
4	121001046	121001958	0.441747	4	120545001	121900000	108.061251	CG_TEO_MZ_Hypo_DMR_sweep
4	121060936	121061388	0.440472	4	120545001	121900000	108.061251	CG_TEO_MZ_Hypo_DMR_sweep
4	179290757	179290961	0.412695	4	179235001	179455000	110.7109864	CG_TEO_MZ_Hypo_DMR_sweep
4	209506998	209507207	0.77689	4	209485001	209545000	68.73840323	CG_TEO_MZ_Hypo_DMR_sweep
4	225047850	225048234	0.402091	4	224925001	225130000	68.22760199	CG_TEO_MZ_Hypo_DMR_sweep
4	232198975	232199663	0.500483	4	232150001	232260000	129.6855937	CG_TEO_MZ_Hypo_DMR_sweep
5	29697527	29697749	0.835483	5	29570001	30150000	89.95985599	CG_TEO_MZ_Hypo_DMR_sweep
5	29774834	29775042	0.550071	5	29570001	30150000	89.95985599	CG_TEO_MZ_Hypo_DMR_sweep
5	29974866	29975224	0.507381	5	29570001	30150000	89.95985599	CG_TEO_MZ_Hypo_DMR_sweep
5	29985778	29986386	0.466085	5	29570001	30150000	89.95985599	CG_TEO_MZ_Hypo_DMR_sweep
5	30126506	30127241	0.510571	5	29570001	30150000	89.95985599	CG_TEO_MZ_Hypo_DMR_sweep
5	45878484	45881210	0.40664	5	44995001	46515000	122.3253008	CG_TEO_MZ_Hypo_DMR_sweep
5	47996540	47997087	0.487758	5	47580001	48290000	110.5745085	CG_TEO_MZ_Hypo_DMR_sweep
5	54302860	54303000	0.642816	5	54080001	54405000	71.35221334	CG_TEO_MZ_Hypo_DMR_sweep
5	61642078	61642397	0.55652	5	61555001	61835000	161.4703623	CG_TEO_MZ_Hypo_DMR_sweep
5	69843282	69843512	0.884392	5	69815001	70350000	110.0895537	CG_TEO_MZ_Hypo_DMR_sweep
5	69979893	69980497	0.584294	5	69815001	70350000	110.0895537	CG_TEO_MZ_Hypo_DMR_sweep
5	76284709	76285429	0.901548	5	75750001	76325000	84.46732335	CG_TEO_MZ_Hypo_DMR_sweep
5	79871975	79872414	0.658943	5	79815001	79880000	69.80590718	CG_TEO_MZ_Hypo_DMR_sweep
5	81214511	81214916	0.540591	5	80955001	81425000	93.42820121	CG_TEO_MZ_Hypo_DMR_sweep
5	99113967	99114301	0.88764	5	98945001	99925000	108.4076382	CG_TEO_MZ_Hypo_DMR_sweep
5	99775651	99776002	0.51621	5	98945001	99925000	108.4076382	CG_TEO_MZ_Hypo_DMR_sweep
5	99807614	99807947	0.576882	5	98945001	99925000	108.4076382	CG_TEO_MZ_Hypo_DMR_sweep
5	104479061	104479248	0.669983	5	104190001	105055000	81.0385394	CG_TEO_MZ_Hypo_DMR_sweep
5	104484993	104485132	0.894173	5	104190001	105055000	81.0385394	CG_TEO_MZ_Hypo_DMR_sweep
5	107851683	107852237	0.533109	5	107115001	108365000	101.9503339	CG_TEO_MZ_Hypo_DMR_sweep
5	108644530	108644902	0.724999	5	108600001	113150000	150.6254562	CG_TEO_MZ_Hypo_DMR_sweep
5	109304179	109304499	0.8486	5	108600001	113150000	150.6254562	CG_TEO_MZ_Hypo_DMR_sweep
5	112861239	112861526	0.573204	5	108600001	113150000	150.6254562	CG_TEO_MZ_Hypo_DMR_sweep
5	114207334	114208106	0.552573	5	114155001	114810000	167.137598	CG_TEO_MZ_Hypo_DMR_sweep
5	118697542	118698084	0.484296	5	118605001	119175000	117.6675007	CG_TEO_MZ_Hypo_DMR_sweep
5	118698497	118698812	0.530824	5	118605001	119175000	117.6675007	CG_TEO_MZ_Hypo_DMR_sweep
5	120979726	120980069	0.513378	5	120720001	121060000	85.42443509	CG_TEO_MZ_Hypo_DMR_sweep
5	123320757	123321435	0.849161	5	122640001	123565000	121.9122337	CG_TEO_MZ_Hypo_DMR_sweep
5	125455017	125455473	0.852846	5	125335001	125600000	119.3647809	CG_TEO_MZ_Hypo_DMR_sweep
5	127123158	127123296	0.576987	5	126500001	127305000	103.3208682	CG_TEO_MZ_Hypo_DMR_sweep
5	151775416	151775596	0.433009	5	151755001	152495000	128.2714916	CG_TEO_MZ_Hypo_DMR_sweep
5	152440333	152441279	0.522888	5	151755001	152495000	128.2714916	CG_TEO_MZ_Hypo_DMR_sweep
5	152442163	152442400	0.414553	5	151755001	152495000	128.2714916	CG_TEO_MZ_Hypo_DMR_sweep
5	152447892	152448423	0.486063	5	151755001	152495000	128.2714916	CG_TEO_MZ_Hypo_DMR_sweep
5	152846266	152846529	0.766517	5	152730001	153455000	105.3287432	CG_TEO_MZ_Hypo_DMR_sweep
5	160391627	160392227	0.588765	5	160390001	160725000	90.12289268	CG_TEO_MZ_Hypo_DMR_sweep
5	189750310	189751616	0.715533	5	189535001	190015000	97.44630263	CG_TEO_MZ_Hypo_DMR_sweep
6	863271	864094	0.509546	6	850001	1005000	72.92365029	CG_TEO_MZ_Hypo_DMR_sweep
6	17741233	17741477	0.432837	6	17660001	17795000	76.66746702	CG_TEO_MZ_Hypo_DMR_sweep
6	42203310	42203866	0.530839	6	42140001	42395000	74.45003039	CG_TEO_MZ_Hypo_DMR_sweep
6	50116102	50116261	0.786186	6	48405001	50760000	173.87295	CG_TEO_MZ_Hypo_DMR_sweep
6	50123075	50123276	0.841898	6	48405001	50760000	173.87295	CG_TEO_MZ_Hypo_DMR_sweep
6	50335847	50336321	0.434379	6	48405001	50760000	173.87295	CG_TEO_MZ_Hypo_DMR_sweep
6	52292067	52292569	0.741168	6	51290001	52415000	150.7785615	CG_TEO_MZ_Hypo_DMR_sweep
6	55607262	55607549	0.657975	6	55595001	55700000	81.75097008	CG_TEO_MZ_Hypo_DMR_sweep
6	64323956	64324237	0.504411	6	64145001	64340000	83.65555921	CG_TEO_MZ_Hypo_DMR_sweep
6	113551364	113551512	0.610697	6	113075001	113570000	110.1091014	CG_TEO_MZ_Hypo_DMR_sweep
6	130782513	130782666	0.47047	6	130605001	131350000	100.0900154	CG_TEO_MZ_Hypo_DMR_sweep
6	138207645	138207729	0.635301	6	138195001	138320000	78.15342692	CG_TEO_MZ_Hypo_DMR_sweep
6	156815422	156815793	0.578167	6	156740001	156820000	80.18144018	CG_TEO_MZ_Hypo_DMR_sweep
6	170662359	170662580	0.443525	6	170545001	170805000	83.83107484	CG_TEO_MZ_Hypo_DMR_sweep
7	39338523	39338727	0.697844	7	38975001	39410000	79.59737029	CG_TEO_MZ_Hypo_DMR_sweep
7	39340715	39340894	0.585909	7	38975001	39410000	79.59737029	CG_TEO_MZ_Hypo_DMR_sweep
7	49768024	49768435	0.655162	7	49550001	51335000	140.9609453	CG_TEO_MZ_Hypo_DMR_sweep
7	50026786	50027060	0.790919	7	49550001	51335000	140.9609453	CG_TEO_MZ_Hypo_DMR_sweep
7	50140784	50141289	0.436135	7	49550001	51335000	140.9609453	CG_TEO_MZ_Hypo_DMR_sweep
7	50318908	50320143	0.606142	7	49550001	51335000	140.9609453	CG_TEO_MZ_Hypo_DMR_sweep
7	51105553	51106638	0.474278	7	49550001	51335000	140.9609453	CG_TEO_MZ_Hypo_DMR_sweep
7	51137487	51138004	0.432385	7	49550001	51335000	140.9609453	CG_TEO_MZ_Hypo_DMR_sweep
7	54886719	54886966	0.455559	7	54265001	58560000	189.8524624	CG_TEO_MZ_Hypo_DMR_sweep
7	55355583	55355851	0.611183	7	54265001	58560000	189.8524624	CG_TEO_MZ_Hypo_DMR_sweep
7	56703518	56703675	0.88991	7	54265001	58560000	189.8524624	CG_TEO_MZ_Hypo_DMR_sweep
7	58458786	58459135	0.608271	7	54265001	58560000	189.8524624	CG_TEO_MZ_Hypo_DMR_sweep
7	59493088	59493314	0.412623	7	58790001	68335000	178.9359391	CG_TEO_MZ_Hypo_DMR_sweep
7	62534966	62535214	0.563574	7	58790001	68335000	178.9359391	CG_TEO_MZ_Hypo_DMR_sweep
7	63016976	63018207	0.576527	7	58790001	68335000	178.9359391	CG_TEO_MZ_Hypo_DMR_sweep
7	63208178	63208301	0.58615	7	58790001	68335000	178.9359391	CG_TEO_MZ_Hypo_DMR_sweep
7	65559605	65560060	0.490556	7	58790001	68335000	178.9359391	CG_TEO_MZ_Hypo_DMR_sweep
7	67411637	67411892	0.51712	7	58790001	68335000	178.9359391	CG_TEO_MZ_Hypo_DMR_sweep
7	69494573	69494822	0.633676	7	68710001	70140000	132.5262101	CG_TEO_MZ_Hypo_DMR_sweep
7	73117395	73117982	0.590309	7	71775001	73660000	141.1936715	CG_TEO_MZ_Hypo_DMR_sweep
7	73961204	73961490	0.821978	7	73815001	74435000	78.61710245	CG_TEO_MZ_Hypo_DMR_sweep
7	73977529	73977896	0.8269	7	73815001	74435000	78.61710245	CG_TEO_MZ_Hypo_DMR_sweep
7	75744007	75744413	0.510825	7	74635001	76000000	90.23136518	CG_TEO_MZ_Hypo_DMR_sweep
7	76621844	76622006	0.414804	7	76095001	76660000	90.97385581	CG_TEO_MZ_Hypo_DMR_sweep
7	81246297	81246628	0.566848	7	80930001	81515000	84.28318444	CG_TEO_MZ_Hypo_DMR_sweep
7	81364467	81364693	0.628848	7	80930001	81515000	84.28318444	CG_TEO_MZ_Hypo_DMR_sweep
7	91839694	91839898	0.914078	7	91750001	91890000	80.05798908	CG_TEO_MZ_Hypo_DMR_sweep
7	96334654	96334912	0.623918	7	95805001	96615000	175.5934373	CG_TEO_MZ_Hypo_DMR_sweep
7	127260206	127260661	0.751383	7	127185001	127305000	65.64194584	CG_TEO_MZ_Hypo_DMR_sweep
7	181813708	181813884	0.842274	7	181775001	182035000	61.69555802	CG_TEO_MZ_Hypo_DMR_sweep
7	181987717	181987978	0.578556	7	181775001	182035000	61.69555802	CG_TEO_MZ_Hypo_DMR_sweep
8	31656844	31657496	0.85469	8	30970001	31725000	110.4487585	CG_TEO_MZ_Hypo_DMR_sweep
8	39632873	39633304	0.48675	8	39625001	39710000	71.85210298	CG_TEO_MZ_Hypo_DMR_sweep
8	44267789	44267962	0.785533	8	42490001	44435000	153.5160025	CG_TEO_MZ_Hypo_DMR_sweep
8	57885096	57885243	0.629124	8	57795001	57900000	67.90168213	CG_TEO_MZ_Hypo_DMR_sweep
8	60115652	60116054	0.842961	8	60115001	60295000	86.15304685	CG_TEO_MZ_Hypo_DMR_sweep
8	61603681	61604514	0.522238	8	61465001	61640000	78.98098134	CG_TEO_MZ_Hypo_DMR_sweep
8	71195800	71196175	0.520292	8	70845001	71640000	142.5570072	CG_TEO_MZ_Hypo_DMR_sweep
8	71203529	71203811	0.62846	8	70845001	71640000	142.5570072	CG_TEO_MZ_Hypo_DMR_sweep
8	75591864	75592171	0.449653	8	75440001	75875000	106.4958885	CG_TEO_MZ_Hypo_DMR_sweep
8	98058211	98058530	0.921229	8	98015001	99060000	195.3300202	CG_TEO_MZ_Hypo_DMR_sweep
8	98626742	98627020	0.412759	8	98015001	99060000	195.3300202	CG_TEO_MZ_Hypo_DMR_sweep
8	98628362	98628575	0.87114	8	98015001	99060000	195.3300202	CG_TEO_MZ_Hypo_DMR_sweep
8	98909068	98909486	0.449699	8	98015001	99060000	195.3300202	CG_TEO_MZ_Hypo_DMR_sweep
8	98909825	98910004	0.410752	8	98015001	99060000	195.3300202	CG_TEO_MZ_Hypo_DMR_sweep
8	98926917	98927611	0.677372	8	98015001	99060000	195.3300202	CG_TEO_MZ_Hypo_DMR_sweep
8	99369624	99369921	0.479698	8	99290001	100315000	151.1512483	CG_TEO_MZ_Hypo_DMR_sweep
8	99681322	99681802	0.725267	8	99290001	100315000	151.1512483	CG_TEO_MZ_Hypo_DMR_sweep
8	99808111	99808270	0.623483	8	99290001	100315000	151.1512483	CG_TEO_MZ_Hypo_DMR_sweep
8	100003231	100003382	0.877613	8	99290001	100315000	151.1512483	CG_TEO_MZ_Hypo_DMR_sweep
8	100006962	100007237	0.493098	8	99290001	100315000	151.1512483	CG_TEO_MZ_Hypo_DMR_sweep
8	101390404	101390662	0.611593	8	101175001	102790000	174.4757179	CG_TEO_MZ_Hypo_DMR_sweep
8	102409725	102409893	0.436911	8	101175001	102790000	174.4757179	CG_TEO_MZ_Hypo_DMR_sweep
8	107234321	107234526	0.404662	8	107180001	107255000	69.1038839	CG_TEO_MZ_Hypo_DMR_sweep
8	148354023	148354253	0.887019	8	148140001	148420000	80.0460905	CG_TEO_MZ_Hypo_DMR_sweep
9	17829492	17830050	0.891273	9	17780001	17960000	147.1861211	CG_TEO_MZ_Hypo_DMR_sweep
9	17847814	17848372	0.897637	9	17780001	17960000	147.1861211	CG_TEO_MZ_Hypo_DMR_sweep
9	21285176	21285707	0.520891	9	21240001	21560000	117.8754764	CG_TEO_MZ_Hypo_DMR_sweep
9	36416058	36416342	0.650326	9	36305001	36620000	76.2999152	CG_TEO_MZ_Hypo_DMR_sweep
9	36520484	36521559	0.850838	9	36305001	36620000	76.2999152	CG_TEO_MZ_Hypo_DMR_sweep
9	54269943	54270534	0.475854	9	54270001	54830000	85.91098254	CG_TEO_MZ_Hypo_DMR_sweep
9	55851413	55851651	0.811893	9	55295001	56625000	96.58124309	CG_TEO_MZ_Hypo_DMR_sweep
9	58267357	58267594	0.693547	9	58095001	58405000	98.17520799	CG_TEO_MZ_Hypo_DMR_sweep
9	58962857	58963747	0.76093	9	58580001	61495000	127.8064748	CG_TEO_MZ_Hypo_DMR_sweep
9	59070326	59070422	0.412088	9	58580001	61495000	127.8064748	CG_TEO_MZ_Hypo_DMR_sweep
9	60936517	60936664	0.588236	9	58580001	61495000	127.8064748	CG_TEO_MZ_Hypo_DMR_sweep
9	67112922	67113668	0.487377	9	66985001	67635000	109.5602849	CG_TEO_MZ_Hypo_DMR_sweep
9	79547484	79547622	0.727872	9	79115001	79565000	108.8708499	CG_TEO_MZ_Hypo_DMR_sweep
9	104245509	104245786	0.869348	9	104085001	104275000	87.09097755	CG_TEO_MZ_Hypo_DMR_sweep
9	137785508	137785618	0.901768	9	137480001	137805000	387.2621817	CG_TEO_MZ_Hypo_DMR_sweep
10	136544	137022	0.597396	10	100001	660000	176.2004588	CG_TEO_MZ_Hypo_DMR_sweep
10	16869695	16870584	0.449823	10	16860001	17155000	96.6578789	CG_TEO_MZ_Hypo_DMR_sweep
10	16935231	16935920	0.75625	10	16860001	17155000	96.6578789	CG_TEO_MZ_Hypo_DMR_sweep
10	18516192	18516767	0.525324	10	18315001	18685000	109.5767338	CG_TEO_MZ_Hypo_DMR_sweep
10	33047197	33047560	0.697278	10	32965001	33650000	90.24747479	CG_TEO_MZ_Hypo_DMR_sweep
10	38362023	38362181	0.504832	10	38155001	38540000	72.21812682	CG_TEO_MZ_Hypo_DMR_sweep
10	40896117	40896336	0.574149	10	40790001	41145000	79.28362589	CG_TEO_MZ_Hypo_DMR_sweep
10	40896854	40897136	0.433217	10	40790001	41145000	79.28362589	CG_TEO_MZ_Hypo_DMR_sweep
10	42752123	42752354	0.51593	10	42010001	43740000	117.5792749	CG_TEO_MZ_Hypo_DMR_sweep
10	42833949	42834267	0.476983	10	42010001	43740000	117.5792749	CG_TEO_MZ_Hypo_DMR_sweep
10	44090026	44090272	0.516519	10	44090001	45255000	131.774812	CG_TEO_MZ_Hypo_DMR_sweep
10	44167753	44167904	0.608672	10	44090001	45255000	131.774812	CG_TEO_MZ_Hypo_DMR_sweep
10	45008192	45008346	0.736121	10	44090001	45255000	131.774812	CG_TEO_MZ_Hypo_DMR_sweep
10	45770983	45771531	0.897075	10	45320001	46415000	107.473146	CG_TEO_MZ_Hypo_DMR_sweep
10	45783959	45784730	0.733958	10	45320001	46415000	107.473146	CG_TEO_MZ_Hypo_DMR_sweep
10	46809100	46809402	0.922313	10	46470001	46875000	71.56451553	CG_TEO_MZ_Hypo_DMR_sweep
10	47327955	47328300	0.900116	10	46925001	49345000	178.535197	CG_TEO_MZ_Hypo_DMR_sweep
10	52236443	52236953	0.404661	10	51055001	52485000	89.21216747	CG_TEO_MZ_Hypo_DMR_sweep
10	52261497	52261914	0.922362	10	51055001	52485000	89.21216747	CG_TEO_MZ_Hypo_DMR_sweep
10	53435929	53436066	0.590508	10	53425001	53795000	77.03474725	CG_TEO_MZ_Hypo_DMR_sweep
10	67238695	67239009	0.797031	10	67215001	67620000	95.12430883	CG_TEO_MZ_Hypo_DMR_sweep
10	67244893	67245615	0.770282	10	67215001	67620000	95.12430883	CG_TEO_MZ_Hypo_DMR_sweep
10	69451889	69452243	0.829507	10	69140001	69595000	176.8504499	CG_TEO_MZ_Hypo_DMR_sweep
10	84502453	84503108	0.748429	10	84385001	84780000	120.7133326	CG_TEO_MZ_Hypo_DMR_sweep
10	88008559	88008947	0.535219	10	87975001	88115000	83.60021765	CG_TEO_MZ_Hypo_DMR_sweep
10	100956781	100957252	0.486414	10	100880001	100960000	66.09768011	CG_TEO_MZ_Hypo_DMR_sweep
10	101502093	101502336	0.819391	10	101435001	101525000	73.9010554	CG_TEO_MZ_Hypo_DMR_sweep
10	104815439	104815999	0.732731	10	104400001	105170000	100.4898678	CG_TEO_MZ_Hypo_DMR_sweep
10	110857329	110857661	0.735887	10	110790001	110965000	64.14527588	CG_TEO_MZ_Hypo_DMR_sweep
1	10492995	10493303	-0.410751	1	10415001	10540000	68.96202523	CG_TEO_MZ_Hyper_DMR_sweep
1	95965622	95966550	-0.493939	1	95935001	96005000	67.53505557	CG_TEO_MZ_Hyper_DMR_sweep
1	98968472	98968824	-0.655557	1	98875001	99380000	157.0708012	CG_TEO_MZ_Hyper_DMR_sweep
1	127254313	127255376	-0.489269	1	126720001	127370000	125.5998028	CG_TEO_MZ_Hyper_DMR_sweep
1	128271743	128272044	-0.502083	1	127525001	129020000	148.1444861	CG_TEO_MZ_Hyper_DMR_sweep
1	130306823	130307623	-0.604749	1	129610001	130695000	101.9807369	CG_TEO_MZ_Hyper_DMR_sweep
1	130473811	130474398	-0.432129	1	129610001	130695000	101.9807369	CG_TEO_MZ_Hyper_DMR_sweep
1	131051383	131051539	-0.55277	1	130745001	131505000	99.98313809	CG_TEO_MZ_Hyper_DMR_sweep
1	139679170	139679979	-0.433815	1	139275001	139775000	110.6194361	CG_TEO_MZ_Hyper_DMR_sweep
1	140271065	140271322	-0.774463	1	139900001	140925000	138.2913258	CG_TEO_MZ_Hyper_DMR_sweep
1	149114621	149114845	-0.615089	1	149000001	149510000	104.9792238	CG_TEO_MZ_Hyper_DMR_sweep
1	176782820	176782972	-0.438136	1	176740001	176870000	88.12273688	CG_TEO_MZ_Hyper_DMR_sweep
1	243593035	243593400	-0.536783	1	243555001	243640000	72.21999392	CG_TEO_MZ_Hyper_DMR_sweep
1	246988631	246989240	-0.436456	1	246870001	247050000	101.5398017	CG_TEO_MZ_Hyper_DMR_sweep
1	250956157	250956929	-0.555811	1	250895001	251000000	65.99792362	CG_TEO_MZ_Hyper_DMR_sweep
2	75690697	75690860	-0.431329	2	75490001	75745000	76.81130109	CG_TEO_MZ_Hyper_DMR_sweep
2	92788960	92789905	-0.586888	2	92280001	92930000	93.26309292	CG_TEO_MZ_Hyper_DMR_sweep
2	92908323	92908759	-0.412141	2	92280001	92930000	93.26309292	CG_TEO_MZ_Hyper_DMR_sweep
2	101250277	101250410	-0.561002	2	100930001	102100000	142.7613287	CG_TEO_MZ_Hyper_DMR_sweep
2	106081719	106082435	-0.420776	2	106025001	106430000	77.69457538	CG_TEO_MZ_Hyper_DMR_sweep
2	106737593	106737756	-0.545241	2	106505001	106775000	68.80406269	CG_TEO_MZ_Hyper_DMR_sweep
2	114899759	114900338	-0.48001	2	114845001	114915000	68.62252117	CG_TEO_MZ_Hyper_DMR_sweep
2	198704105	198704218	-0.409475	2	198630001	198995000	113.3377215	CG_TEO_MZ_Hyper_DMR_sweep
2	218756093	218756804	-0.401104	2	218640001	218805000	63.14057652	CG_TEO_MZ_Hyper_DMR_sweep
3	212111	212465	-0.570949	3	5001	255000	126.6069872	CG_TEO_MZ_Hyper_DMR_sweep
3	26935651	26935891	-0.421832	3	26850001	26940000	61.51677065	CG_TEO_MZ_Hyper_DMR_sweep
3	75328581	75328862	-0.507695	3	73260001	79785000	173.1603758	CG_TEO_MZ_Hyper_DMR_sweep
3	75631580	75631991	-0.591944	3	73260001	79785000	173.1603758	CG_TEO_MZ_Hyper_DMR_sweep
3	75632335	75632723	-0.603765	3	73260001	79785000	173.1603758	CG_TEO_MZ_Hyper_DMR_sweep
3	76711011	76711560	-0.534844	3	73260001	79785000	173.1603758	CG_TEO_MZ_Hyper_DMR_sweep
3	76734700	76735363	-0.537505	3	73260001	79785000	173.1603758	CG_TEO_MZ_Hyper_DMR_sweep
3	76916696	76916795	-0.554379	3	73260001	79785000	173.1603758	CG_TEO_MZ_Hyper_DMR_sweep
3	77271829	77271933	-0.533703	3	73260001	79785000	173.1603758	CG_TEO_MZ_Hyper_DMR_sweep
3	78627475	78627604	-0.41316	3	73260001	79785000	173.1603758	CG_TEO_MZ_Hyper_DMR_sweep
3	80349013	80349288	-0.403036	3	79840001	80405000	120.6627541	CG_TEO_MZ_Hyper_DMR_sweep
3	92022608	92023211	-0.401243	3	91980001	92560000	98.04362902	CG_TEO_MZ_Hyper_DMR_sweep
3	92490586	92491326	-0.50588	3	91980001	92560000	98.04362902	CG_TEO_MZ_Hyper_DMR_sweep
3	96546612	96546772	-0.570372	3	96040001	97565000	173.806976	CG_TEO_MZ_Hyper_DMR_sweep
4	9974976	9975737	-0.646496	4	9460001	10240000	90.73196584	CG_TEO_MZ_Hyper_DMR_sweep
4	31912314	31912975	-0.564846	4	31675001	32215000	197.4366643	CG_TEO_MZ_Hyper_DMR_sweep
4	53867466	53868473	-0.46058	4	53540001	54365000	140.5519599	CG_TEO_MZ_Hyper_DMR_sweep
4	54179378	54179910	-0.479465	4	53540001	54365000	140.5519599	CG_TEO_MZ_Hyper_DMR_sweep
4	54281271	54281848	-0.422263	4	53540001	54365000	140.5519599	CG_TEO_MZ_Hyper_DMR_sweep
4	57029933	57030869	-0.566572	4	56765001	57070000	72.4511678	CG_TEO_MZ_Hyper_DMR_sweep
4	61480265	61480697	-0.458364	4	61060001	62430000	186.842663	CG_TEO_MZ_Hyper_DMR_sweep
4	61547098	61547202	-0.53217	4	61060001	62430000	186.842663	CG_TEO_MZ_Hyper_DMR_sweep
4	61547664	61548128	-0.483799	4	61060001	62430000	186.842663	CG_TEO_MZ_Hyper_DMR_sweep
4	66677407	66678272	-0.566778	4	66650001	66960000	100.9577608	CG_TEO_MZ_Hyper_DMR_sweep
4	89042598	89043663	-0.412263	4	88610001	91075000	117.8394042	CG_TEO_MZ_Hyper_DMR_sweep
4	90608031	90608387	-0.571714	4	88610001	91075000	117.8394042	CG_TEO_MZ_Hyper_DMR_sweep
4	91937483	91937720	-0.569883	4	91715001	92845000	130.9796512	CG_TEO_MZ_Hyper_DMR_sweep
4	91984276	91984995	-0.580954	4	91715001	92845000	130.9796512	CG_TEO_MZ_Hyper_DMR_sweep
4	91988853	91989605	-0.703525	4	91715001	92845000	130.9796512	CG_TEO_MZ_Hyper_DMR_sweep
4	98668810	98669836	-0.677577	4	97645001	100290000	157.0532889	CG_TEO_MZ_Hyper_DMR_sweep
4	99944079	99944598	-0.541568	4	97645001	100290000	157.0532889	CG_TEO_MZ_Hyper_DMR_sweep
4	99946040	99946180	-0.65966	4	97645001	100290000	157.0532889	CG_TEO_MZ_Hyper_DMR_sweep
4	101019461	101019626	-0.645454	4	100410001	101180000	143.8117678	CG_TEO_MZ_Hyper_DMR_sweep
4	101167779	101168118	-0.485848	4	100410001	101180000	143.8117678	CG_TEO_MZ_Hyper_DMR_sweep
4	102249929	102250497	-0.68696	4	102115001	103130000	157.7559549	CG_TEO_MZ_Hyper_DMR_sweep
4	102597623	102597811	-0.596382	4	102115001	103130000	157.7559549	CG_TEO_MZ_Hyper_DMR_sweep
4	102966362	102966624	-0.541559	4	102115001	103130000	157.7559549	CG_TEO_MZ_Hyper_DMR_sweep
4	103106883	103107914	-0.683985	4	102115001	103130000	157.7559549	CG_TEO_MZ_Hyper_DMR_sweep
4	106058879	106059620	-0.806289	4	105780001	106095000	134.0335398	CG_TEO_MZ_Hyper_DMR_sweep
4	107860884	107861095	-0.70866	4	107735001	107965000	168.0506948	CG_TEO_MZ_Hyper_DMR_sweep
4	107861438	107861986	-0.691494	4	107735001	107965000	168.0506948	CG_TEO_MZ_Hyper_DMR_sweep
4	108158698	108159691	-0.707617	4	108085001	108440000	193.3560114	CG_TEO_MZ_Hyper_DMR_sweep
4	111708780	111708975	-0.422751	4	110600001	112610000	174.0385224	CG_TEO_MZ_Hyper_DMR_sweep
4	112109512	112110817	-0.437916	4	110600001	112610000	174.0385224	CG_TEO_MZ_Hyper_DMR_sweep
4	112920447	112920711	-0.510203	4	112660001	113445000	120.604842	CG_TEO_MZ_Hyper_DMR_sweep
4	115249927	115250238	-0.543732	4	115205001	115265000	135.6521706	CG_TEO_MZ_Hyper_DMR_sweep
4	115252777	115253679	-0.73387	4	115205001	115265000	135.6521706	CG_TEO_MZ_Hyper_DMR_sweep
4	127378908	127379663	-0.466498	4	127330001	127420000	81.65329867	CG_TEO_MZ_Hyper_DMR_sweep
4	222748859	222749004	-0.602001	4	222630001	222750000	123.9073511	CG_TEO_MZ_Hyper_DMR_sweep
5	29992878	29993368	-0.509029	5	29570001	30150000	89.95985599	CG_TEO_MZ_Hyper_DMR_sweep
5	76226644	76226896	-0.691072	5	75750001	76325000	84.46732335	CG_TEO_MZ_Hyper_DMR_sweep
5	102911817	102912317	-0.449167	5	102570001	102960000	128.3301073	CG_TEO_MZ_Hyper_DMR_sweep
5	107118518	107119037	-0.401575	5	107115001	108365000	101.9503339	CG_TEO_MZ_Hyper_DMR_sweep
5	114167755	114168929	-0.709855	5	114155001	114810000	167.137598	CG_TEO_MZ_Hyper_DMR_sweep
5	120487096	120487322	-0.733125	5	120310001	120555000	79.19017514	CG_TEO_MZ_Hyper_DMR_sweep
5	120488043	120488171	-0.561616	5	120310001	120555000	79.19017514	CG_TEO_MZ_Hyper_DMR_sweep
5	121146897	121147321	-0.726034	5	121135001	121335000	113.0180694	CG_TEO_MZ_Hyper_DMR_sweep
5	121282685	121283060	-0.41136	5	121135001	121335000	113.0180694	CG_TEO_MZ_Hyper_DMR_sweep
5	127466578	127466919	-0.409397	5	127445001	127565000	60.98508486	CG_TEO_MZ_Hyper_DMR_sweep
5	127909218	127909640	-0.553257	5	127645001	127920000	108.1056536	CG_TEO_MZ_Hyper_DMR_sweep
5	128733514	128733682	-0.552773	5	128360001	129495000	97.15392199	CG_TEO_MZ_Hyper_DMR_sweep
5	130812544	130813056	-0.762818	5	130770001	130900000	88.80384303	CG_TEO_MZ_Hyper_DMR_sweep
5	153027136	153027705	-0.513762	5	152730001	153455000	105.3287432	CG_TEO_MZ_Hyper_DMR_sweep
6	28272421	28272966	-0.515323	6	28125001	28285000	82.25884596	CG_TEO_MZ_Hyper_DMR_sweep
6	45864756	45865183	-0.495181	6	45790001	46285000	100.3433729	CG_TEO_MZ_Hyper_DMR_sweep
6	51594557	51594990	-0.441404	6	51290001	52415000	150.7785615	CG_TEO_MZ_Hyper_DMR_sweep
6	54833397	54833597	-0.625065	6	54275001	55310000	164.5077074	CG_TEO_MZ_Hyper_DMR_sweep
6	60019836	60020485	-0.485528	6	59980001	60120000	75.03297851	CG_TEO_MZ_Hyper_DMR_sweep
6	87792955	87793246	-0.663196	6	87650001	87860000	102.1646906	CG_TEO_MZ_Hyper_DMR_sweep
6	102132908	102133082	-0.624094	6	102110001	102270000	72.46528864	CG_TEO_MZ_Hyper_DMR_sweep
6	113254595	113254976	-0.486493	6	113075001	113570000	110.1091014	CG_TEO_MZ_Hyper_DMR_sweep
7	39159926	39160376	-0.499314	7	38975001	39410000	79.59737029	CG_TEO_MZ_Hyper_DMR_sweep
7	39734254	39734508	-0.511823	7	39495001	40300000	115.2683327	CG_TEO_MZ_Hyper_DMR_sweep
7	49660931	49661604	-0.773796	7	49550001	51335000	140.9609453	CG_TEO_MZ_Hyper_DMR_sweep
7	50910130	50910643	-0.487566	7	49550001	51335000	140.9609453	CG_TEO_MZ_Hyper_DMR_sweep
7	64303691	64304474	-0.551558	7	58790001	68335000	178.9359391	CG_TEO_MZ_Hyper_DMR_sweep
7	70602099	70602615	-0.690449	7	70385001	70640000	114.5490667	CG_TEO_MZ_Hyper_DMR_sweep
7	72473870	72474077	-0.829248	7	71775001	73660000	141.1936715	CG_TEO_MZ_Hyper_DMR_sweep
7	73815122	73815281	-0.511548	7	73815001	74435000	78.61710245	CG_TEO_MZ_Hyper_DMR_sweep
7	75979972	75980866	-0.495556	7	74635001	76000000	90.23136518	CG_TEO_MZ_Hyper_DMR_sweep
7	79911437	79911679	-0.437204	7	79375001	80155000	90.51015114	CG_TEO_MZ_Hyper_DMR_sweep
7	83123009	83123725	-0.560056	7	83025001	83165000	73.42068756	CG_TEO_MZ_Hyper_DMR_sweep
7	83557315	83557493	-0.420189	7	83420001	83700000	75.19090185	CG_TEO_MZ_Hyper_DMR_sweep
7	96521091	96522006	-0.44405	7	95805001	96615000	175.5934373	CG_TEO_MZ_Hyper_DMR_sweep
7	147098163	147098430	-0.478054	7	147045001	147335000	67.36421625	CG_TEO_MZ_Hyper_DMR_sweep
7	155446976	155448001	-0.668399	7	155345001	155520000	88.26890694	CG_TEO_MZ_Hyper_DMR_sweep
7	155508725	155509148	-0.51255	7	155345001	155520000	88.26890694	CG_TEO_MZ_Hyper_DMR_sweep
8	50618139	50618719	-0.552334	8	50530001	50660000	61.6566486	CG_TEO_MZ_Hyper_DMR_sweep
8	51430918	51431414	-0.507433	8	51395001	51500000	66.72377078	CG_TEO_MZ_Hyper_DMR_sweep
8	72862720	72862984	-0.718882	8	72815001	72915000	61.10899969	CG_TEO_MZ_Hyper_DMR_sweep
8	73350469	73350694	-0.467873	8	73330001	73385000	85.76129849	CG_TEO_MZ_Hyper_DMR_sweep
8	98476563	98476667	-0.422535	8	98015001	99060000	195.3300202	CG_TEO_MZ_Hyper_DMR_sweep
8	100398621	100399139	-0.426515	8	100385001	101120000	199.125836	CG_TEO_MZ_Hyper_DMR_sweep
8	102629678	102629884	-0.425757	8	101175001	102790000	174.4757179	CG_TEO_MZ_Hyper_DMR_sweep
9	50244105	50244251	-0.510983	9	49850001	50355000	200.0287399	CG_TEO_MZ_Hyper_DMR_sweep
9	52566238	52566843	-0.45383	9	52225001	52895000	116.8955153	CG_TEO_MZ_Hyper_DMR_sweep
9	54563162	54563694	-0.679373	9	54270001	54830000	85.91098254	CG_TEO_MZ_Hyper_DMR_sweep
9	55118990	55119475	-0.504216	9	54980001	55145000	87.28500629	CG_TEO_MZ_Hyper_DMR_sweep
9	55971601	55972659	-0.651865	9	55295001	56625000	96.58124309	CG_TEO_MZ_Hyper_DMR_sweep
9	56042408	56042703	-0.601605	9	55295001	56625000	96.58124309	CG_TEO_MZ_Hyper_DMR_sweep
9	56043013	56043253	-0.600802	9	55295001	56625000	96.58124309	CG_TEO_MZ_Hyper_DMR_sweep
9	60527804	60528610	-0.733343	9	58580001	61495000	127.8064748	CG_TEO_MZ_Hyper_DMR_sweep
9	60535683	60535898	-0.680278	9	58580001	61495000	127.8064748	CG_TEO_MZ_Hyper_DMR_sweep
9	60807035	60807393	-0.414804	9	58580001	61495000	127.8064748	CG_TEO_MZ_Hyper_DMR_sweep
9	60991057	60991200	-0.476395	9	58580001	61495000	127.8064748	CG_TEO_MZ_Hyper_DMR_sweep
9	60991971	60992123	-0.678323	9	58580001	61495000	127.8064748	CG_TEO_MZ_Hyper_DMR_sweep
9	78334667	78334965	-0.61067	9	78220001	78345000	88.49594323	CG_TEO_MZ_Hyper_DMR_sweep
10	121969	122335	-0.456075	10	100001	660000	176.2004588	CG_TEO_MZ_Hyper_DMR_sweep
10	133868	134187	-0.5167	10	100001	660000	176.2004588	CG_TEO_MZ_Hyper_DMR_sweep
10	33621749	33621901	-0.710062	10	32965001	33650000	90.24747479	CG_TEO_MZ_Hyper_DMR_sweep
10	33925447	33925834	-0.658457	10	33735001	34160000	80.52420162	CG_TEO_MZ_Hyper_DMR_sweep
10	34047107	34047905	-0.602996	10	33735001	34160000	80.52420162	CG_TEO_MZ_Hyper_DMR_sweep
10	34063416	34063874	-0.864934	10	33735001	34160000	80.52420162	CG_TEO_MZ_Hyper_DMR_sweep
10	34101147	34101402	-0.617038	10	33735001	34160000	80.52420162	CG_TEO_MZ_Hyper_DMR_sweep
10	51318840	51319402	-0.62296	10	51055001	52485000	89.21216747	CG_TEO_MZ_Hyper_DMR_sweep
10	51688803	51689218	-0.760135	10	51055001	52485000	89.21216747	CG_TEO_MZ_Hyper_DMR_sweep
10	51901625	51901935	-0.620804	10	51055001	52485000	89.21216747	CG_TEO_MZ_Hyper_DMR_sweep
10	53531538	53531838	-0.576705	10	53425001	53795000	77.03474725	CG_TEO_MZ_Hyper_DMR_sweep
10	53645048	53645788	-0.468189	10	53425001	53795000	77.03474725	CG_TEO_MZ_Hyper_DMR_sweep
10	58557325	58557767	-0.807753	10	58500001	58610000	71.43778131	CG_TEO_MZ_Hyper_DMR_sweep
10	84541027	84541272	-0.603832	10	84385001	84780000	120.7133326	CG_TEO_MZ_Hyper_DMR_sweep
10	104575021	104575558	-0.516615	10	104400001	105170000	100.4898678	CG_TEO_MZ_Hyper_DMR_sweep
10	135130116	135130431	-0.435434	10	135130001	135315000	81.59076069	CG_TEO_MZ_Hyper_DMR_sweep
1	6087220	6087625	0.482715	1	6040001	6170000	71.27384821	CHG_TEO_MZ_Hypo_DMR.sweep
1	14522215	14522818	0.47378	1	14395001	14590000	66.62027357	CHG_TEO_MZ_Hypo_DMR.sweep
1	14576537	14577248	0.829466	1	14395001	14590000	66.62027357	CHG_TEO_MZ_Hypo_DMR.sweep
1	17609576	17611031	0.50081	1	17355001	17805000	127.3880907	CHG_TEO_MZ_Hypo_DMR.sweep
1	17611404	17614168	0.46128	1	17355001	17805000	127.3880907	CHG_TEO_MZ_Hypo_DMR.sweep
1	17615707	17617604	0.44881	1	17355001	17805000	127.3880907	CHG_TEO_MZ_Hypo_DMR.sweep
1	80851561	80851939	0.7599579	1	80840001	80960000	99.83077316	CHG_TEO_MZ_Hypo_DMR.sweep
1	91155476	91155942	0.62189	1	91095001	91555000	68.96583898	CHG_TEO_MZ_Hypo_DMR.sweep
1	91726643	91726776	0.46266981	1	91605001	91925000	85.62006591	CHG_TEO_MZ_Hypo_DMR.sweep
1	91727141	91727233	0.4477307	1	91605001	91925000	85.62006591	CHG_TEO_MZ_Hypo_DMR.sweep
1	118121954	118123533	0.537539	1	118110001	118270000	97.77183806	CHG_TEO_MZ_Hypo_DMR.sweep
1	119921754	119922192	0.508903	1	119560001	120050000	109.709553	CHG_TEO_MZ_Hypo_DMR.sweep
1	119922576	119923920	0.7785195	1	119560001	120050000	109.709553	CHG_TEO_MZ_Hypo_DMR.sweep
1	119935716	119936684	0.751902	1	119560001	120050000	109.709553	CHG_TEO_MZ_Hypo_DMR.sweep
1	119936988	119938022	0.783591	1	119560001	120050000	109.709553	CHG_TEO_MZ_Hypo_DMR.sweep
1	120041990	120042817	0.54709	1	119560001	120050000	109.709553	CHG_TEO_MZ_Hypo_DMR.sweep
1	123675378	123676213	0.56933	1	123245001	124005000	80.20886075	CHG_TEO_MZ_Hypo_DMR.sweep
1	123922089	123922303	0.51657	1	123245001	124005000	80.20886075	CHG_TEO_MZ_Hypo_DMR.sweep
1	126728117	126728472	0.666482	1	126720001	127370000	125.5998028	CHG_TEO_MZ_Hypo_DMR.sweep
1	127360548	127360677	0.44099	1	126720001	127370000	125.5998028	CHG_TEO_MZ_Hypo_DMR.sweep
1	127366793	127367120	0.46116	1	126720001	127370000	125.5998028	CHG_TEO_MZ_Hypo_DMR.sweep
1	127801540	127801620	0.57654	1	127525001	129020000	148.1444861	CHG_TEO_MZ_Hypo_DMR.sweep
1	127862560	127863013	0.48158	1	127525001	129020000	148.1444861	CHG_TEO_MZ_Hypo_DMR.sweep
1	128760898	128761339	0.42118	1	127525001	129020000	148.1444861	CHG_TEO_MZ_Hypo_DMR.sweep
1	129241396	129243281	0.43074	1	129150001	129270000	67.68583449	CHG_TEO_MZ_Hypo_DMR.sweep
1	129248234	129249307	0.519977	1	129150001	129270000	67.68583449	CHG_TEO_MZ_Hypo_DMR.sweep
1	129265559	129266102	0.60648	1	129150001	129270000	67.68583449	CHG_TEO_MZ_Hypo_DMR.sweep
1	129828454	129829749	0.50689	1	129610001	130695000	101.9807369	CHG_TEO_MZ_Hypo_DMR.sweep
1	130345564	130347185	0.42781	1	129610001	130695000	101.9807369	CHG_TEO_MZ_Hypo_DMR.sweep
1	130775154	130776157	0.600053	1	130745001	131505000	99.98313809	CHG_TEO_MZ_Hypo_DMR.sweep
1	130925819	130927020	0.52831	1	130745001	131505000	99.98313809	CHG_TEO_MZ_Hypo_DMR.sweep
1	131990175	131990487	0.6855161	1	131625001	132750000	179.0775221	CHG_TEO_MZ_Hypo_DMR.sweep
1	134792840	134793819	0.46492	1	134730001	136270000	141.8468933	CHG_TEO_MZ_Hypo_DMR.sweep
1	135668323	135668894	0.708635	1	134730001	136270000	141.8468933	CHG_TEO_MZ_Hypo_DMR.sweep
1	136856522	136857087	0.48035	1	136770001	136880000	64.54143346	CHG_TEO_MZ_Hypo_DMR.sweep
1	137652282	137652610	0.818685	1	137540001	138255000	125.5053817	CHG_TEO_MZ_Hypo_DMR.sweep
1	137653121	137653431	0.7262182	1	137540001	138255000	125.5053817	CHG_TEO_MZ_Hypo_DMR.sweep
1	139366620	139367601	0.786488	1	139275001	139775000	110.6194361	CHG_TEO_MZ_Hypo_DMR.sweep
1	139458950	139459419	0.728525	1	139275001	139775000	110.6194361	CHG_TEO_MZ_Hypo_DMR.sweep
1	140038544	140039293	0.8046268	1	139900001	140925000	138.2913258	CHG_TEO_MZ_Hypo_DMR.sweep
1	145825446	145826080	0.41968	1	145770001	146590000	80.93445517	CHG_TEO_MZ_Hypo_DMR.sweep
1	145972578	145972835	0.40718	1	145770001	146590000	80.93445517	CHG_TEO_MZ_Hypo_DMR.sweep
1	148438600	148438804	0.6619642	1	148370001	148560000	60.98207418	CHG_TEO_MZ_Hypo_DMR.sweep
1	156677217	156677428	0.43023	1	156490001	156700000	85.57629534	CHG_TEO_MZ_Hypo_DMR.sweep
1	159291559	159292426	0.541593	1	159190001	159315000	70.63441823	CHG_TEO_MZ_Hypo_DMR.sweep
1	164365881	164366425	0.43607	1	164330001	164630000	66.49225657	CHG_TEO_MZ_Hypo_DMR.sweep
1	169360976	169361684	0.65822	1	169240001	169485000	81.58523938	CHG_TEO_MZ_Hypo_DMR.sweep
1	173178869	173179520	0.51665	1	173170001	173325000	68.10434288	CHG_TEO_MZ_Hypo_DMR.sweep
1	173290567	173290788	0.40218	1	173170001	173325000	68.10434288	CHG_TEO_MZ_Hypo_DMR.sweep
1	214773128	214773538	0.592439	1	214725001	215060000	98.68238224	CHG_TEO_MZ_Hypo_DMR.sweep
1	215607395	215607887	0.75561	1	215590001	215705000	68.72026835	CHG_TEO_MZ_Hypo_DMR.sweep
1	231200153	231200389	0.47109	1	231020001	231270000	79.95448226	CHG_TEO_MZ_Hypo_DMR.sweep
1	270512590	270513043	0.7625624	1	270480001	270595000	67.15364758	CHG_TEO_MZ_Hypo_DMR.sweep
1	278895400	278897952	0.74843	1	278850001	279015000	83.63337165	CHG_TEO_MZ_Hypo_DMR.sweep
1	306480517	306481638	0.42176	1	306430001	306885000	97.0306103	CHG_TEO_MZ_Hypo_DMR.sweep
1	306543787	306543944	0.4806383	1	306430001	306885000	97.0306103	CHG_TEO_MZ_Hypo_DMR.sweep
1	306776842	306777822	0.47741	1	306430001	306885000	97.0306103	CHG_TEO_MZ_Hypo_DMR.sweep
1	306788607	306788831	0.62488	1	306430001	306885000	97.0306103	CHG_TEO_MZ_Hypo_DMR.sweep
2	26281763	26282058	0.54507	2	26190001	27135000	163.3610199	CHG_TEO_MZ_Hypo_DMR.sweep
2	26840237	26840857	0.520121	2	26190001	27135000	163.3610199	CHG_TEO_MZ_Hypo_DMR.sweep
2	26844114	26845414	0.43758	2	26190001	27135000	163.3610199	CHG_TEO_MZ_Hypo_DMR.sweep
2	37080443	37080879	0.48411	2	36845001	37145000	81.14649736	CHG_TEO_MZ_Hypo_DMR.sweep
2	37117782	37118700	0.41672	2	36845001	37145000	81.14649736	CHG_TEO_MZ_Hypo_DMR.sweep
2	37440024	37440621	0.47473	2	37415001	37650000	63.46751566	CHG_TEO_MZ_Hypo_DMR.sweep
2	49396276	49396595	0.822433	2	49290001	49490000	62.61657053	CHG_TEO_MZ_Hypo_DMR.sweep
2	76986356	76986560	0.481392	2	76970001	77055000	66.02823804	CHG_TEO_MZ_Hypo_DMR.sweep
2	78940575	78941839	0.505947	2	78525001	78985000	109.3417582	CHG_TEO_MZ_Hypo_DMR.sweep
2	80749672	80751296	0.669429	2	80385001	80805000	70.46777501	CHG_TEO_MZ_Hypo_DMR.sweep
2	84351314	84354055	0.40573	2	83905001	84505000	78.94487831	CHG_TEO_MZ_Hypo_DMR.sweep
2	98238456	98239553	0.45459	2	97690001	98500000	120.68224	CHG_TEO_MZ_Hypo_DMR.sweep
2	98951609	98952237	0.65197	2	98725001	99055000	104.2827579	CHG_TEO_MZ_Hypo_DMR.sweep
2	99760804	99761196	0.704511	2	99310001	100210000	107.8253189	CHG_TEO_MZ_Hypo_DMR.sweep
2	100170415	100170941	0.60968	2	99310001	100210000	107.8253189	CHG_TEO_MZ_Hypo_DMR.sweep
2	101526882	101528878	0.62583	2	100930001	102100000	142.7613287	CHG_TEO_MZ_Hypo_DMR.sweep
2	101579042	101580380	0.71533	2	100930001	102100000	142.7613287	CHG_TEO_MZ_Hypo_DMR.sweep
2	101768785	101770182	0.652306	2	100930001	102100000	142.7613287	CHG_TEO_MZ_Hypo_DMR.sweep
2	103115343	103116232	0.574874	2	103110001	104100000	121.2852417	CHG_TEO_MZ_Hypo_DMR.sweep
2	103863424	103864016	0.56074	2	103110001	104100000	121.2852417	CHG_TEO_MZ_Hypo_DMR.sweep
2	104049115	104049347	0.45823	2	103110001	104100000	121.2852417	CHG_TEO_MZ_Hypo_DMR.sweep
2	104049655	104049990	0.52658	2	103110001	104100000	121.2852417	CHG_TEO_MZ_Hypo_DMR.sweep
2	106770304	106770691	0.4779	2	106505001	106775000	68.80406269	CHG_TEO_MZ_Hypo_DMR.sweep
2	109887902	109888188	0.47117	2	109815001	110485000	166.6444464	CHG_TEO_MZ_Hypo_DMR.sweep
2	110108036	110108413	0.53762	2	109815001	110485000	166.6444464	CHG_TEO_MZ_Hypo_DMR.sweep
2	110120376	110120862	0.57546	2	109815001	110485000	166.6444464	CHG_TEO_MZ_Hypo_DMR.sweep
2	110124786	110125124	0.50643	2	109815001	110485000	166.6444464	CHG_TEO_MZ_Hypo_DMR.sweep
2	110419699	110419953	0.53439	2	109815001	110485000	166.6444464	CHG_TEO_MZ_Hypo_DMR.sweep
2	110448395	110448885	0.41441	2	109815001	110485000	166.6444464	CHG_TEO_MZ_Hypo_DMR.sweep
2	118781095	118781812	0.7114886	2	118200001	119625000	190.9261675	CHG_TEO_MZ_Hypo_DMR.sweep
2	121938872	121939495	0.78157	2	121930001	122160000	79.09048912	CHG_TEO_MZ_Hypo_DMR.sweep
2	132182155	132182527	0.45079	2	132140001	132375000	123.5159672	CHG_TEO_MZ_Hypo_DMR.sweep
2	132225912	132226313	0.46255	2	132140001	132375000	123.5159672	CHG_TEO_MZ_Hypo_DMR.sweep
2	132237243	132238599	0.45383	2	132140001	132375000	123.5159672	CHG_TEO_MZ_Hypo_DMR.sweep
2	132238721	132239956	0.63191	2	132140001	132375000	123.5159672	CHG_TEO_MZ_Hypo_DMR.sweep
2	132241238	132241641	0.56827	2	132140001	132375000	123.5159672	CHG_TEO_MZ_Hypo_DMR.sweep
2	135104605	135105298	0.701884	2	135105001	135480000	89.45701892	CHG_TEO_MZ_Hypo_DMR.sweep
2	135458565	135458933	0.5091	2	135105001	135480000	89.45701892	CHG_TEO_MZ_Hypo_DMR.sweep
2	139204487	139205125	0.5746	2	139080001	139210000	103.1095157	CHG_TEO_MZ_Hypo_DMR.sweep
2	166057405	166058500	0.66529	2	165945001	166175000	117.5484918	CHG_TEO_MZ_Hypo_DMR.sweep
2	166114533	166116411	0.42339	2	165945001	166175000	117.5484918	CHG_TEO_MZ_Hypo_DMR.sweep
2	196401509	196401743	0.41995	2	196155001	196490000	146.4314165	CHG_TEO_MZ_Hypo_DMR.sweep
2	217962916	217963579	0.60802	2	217850001	217985000	107.9457269	CHG_TEO_MZ_Hypo_DMR.sweep
2	236611299	236612077	0.587	2	236550001	236690000	66.8277316	CHG_TEO_MZ_Hypo_DMR.sweep
3	189647	190241	0.40104	3	5001	255000	126.6069872	CHG_TEO_MZ_Hypo_DMR.sweep
3	12024542	12026247	0.52364	3	11925001	12030000	73.92356957	CHG_TEO_MZ_Hypo_DMR.sweep
3	57176705	57177190	0.58094	3	57130001	57335000	68.06770037	CHG_TEO_MZ_Hypo_DMR.sweep
3	57177586	57178100	0.66053	3	57130001	57335000	68.06770037	CHG_TEO_MZ_Hypo_DMR.sweep
3	57202628	57206079	0.40972	3	57130001	57335000	68.06770037	CHG_TEO_MZ_Hypo_DMR.sweep
3	71415256	71415764	0.6896804	3	70160001	73195000	184.0125358	CHG_TEO_MZ_Hypo_DMR.sweep
3	71416104	71416810	0.722971	3	70160001	73195000	184.0125358	CHG_TEO_MZ_Hypo_DMR.sweep
3	71472177	71474414	0.609069	3	70160001	73195000	184.0125358	CHG_TEO_MZ_Hypo_DMR.sweep
3	71475008	71476222	0.55552	3	70160001	73195000	184.0125358	CHG_TEO_MZ_Hypo_DMR.sweep
3	71571244	71571611	0.734263	3	70160001	73195000	184.0125358	CHG_TEO_MZ_Hypo_DMR.sweep
3	71902006	71902732	0.439281	3	70160001	73195000	184.0125358	CHG_TEO_MZ_Hypo_DMR.sweep
3	72185437	72186061	0.40279	3	70160001	73195000	184.0125358	CHG_TEO_MZ_Hypo_DMR.sweep
3	73140889	73141769	0.54285	3	70160001	73195000	184.0125358	CHG_TEO_MZ_Hypo_DMR.sweep
3	73142034	73143356	0.697654	3	70160001	73195000	184.0125358	CHG_TEO_MZ_Hypo_DMR.sweep
3	73281471	73282653	0.693283	3	73260001	79785000	173.1603758	CHG_TEO_MZ_Hypo_DMR.sweep
3	75342881	75343269	0.57775	3	73260001	79785000	173.1603758	CHG_TEO_MZ_Hypo_DMR.sweep
3	75356781	75358182	0.476885	3	73260001	79785000	173.1603758	CHG_TEO_MZ_Hypo_DMR.sweep
3	75457502	75457933	0.50129	3	73260001	79785000	173.1603758	CHG_TEO_MZ_Hypo_DMR.sweep
3	75458657	75458999	0.55929	3	73260001	79785000	173.1603758	CHG_TEO_MZ_Hypo_DMR.sweep
3	75668896	75669623	0.577303	3	73260001	79785000	173.1603758	CHG_TEO_MZ_Hypo_DMR.sweep
3	77713799	77714063	0.43494	3	73260001	79785000	173.1603758	CHG_TEO_MZ_Hypo_DMR.sweep
3	78897951	78898876	0.717944	3	73260001	79785000	173.1603758	CHG_TEO_MZ_Hypo_DMR.sweep
3	79155400	79155828	0.44753	3	73260001	79785000	173.1603758	CHG_TEO_MZ_Hypo_DMR.sweep
3	79156118	79157975	0.46917	3	73260001	79785000	173.1603758	CHG_TEO_MZ_Hypo_DMR.sweep
3	79160259	79161890	0.45137	3	73260001	79785000	173.1603758	CHG_TEO_MZ_Hypo_DMR.sweep
3	79224202	79225067	0.40397	3	73260001	79785000	173.1603758	CHG_TEO_MZ_Hypo_DMR.sweep
3	80032634	80033709	0.684712	3	79840001	80405000	120.6627541	CHG_TEO_MZ_Hypo_DMR.sweep
3	88995606	88995952	0.47334	3	87905001	89280000	101.4818129	CHG_TEO_MZ_Hypo_DMR.sweep
3	89204115	89204436	0.644479	3	87905001	89280000	101.4818129	CHG_TEO_MZ_Hypo_DMR.sweep
3	92478097	92478799	0.673039	3	91980001	92560000	98.04362902	CHG_TEO_MZ_Hypo_DMR.sweep
3	92536401	92536868	0.5775	3	91980001	92560000	98.04362902	CHG_TEO_MZ_Hypo_DMR.sweep
3	93325340	93325595	0.44143	3	93310001	93530000	107.902188	CHG_TEO_MZ_Hypo_DMR.sweep
3	93367037	93368052	0.53645	3	93310001	93530000	107.902188	CHG_TEO_MZ_Hypo_DMR.sweep
3	96311119	96311844	0.43795	3	96040001	97565000	173.806976	CHG_TEO_MZ_Hypo_DMR.sweep
3	96371213	96371378	0.65162	3	96040001	97565000	173.806976	CHG_TEO_MZ_Hypo_DMR.sweep
3	97014876	97016014	0.71961	3	96040001	97565000	173.806976	CHG_TEO_MZ_Hypo_DMR.sweep
3	120957627	120957733	0.50587	3	120945001	121130000	90.32033194	CHG_TEO_MZ_Hypo_DMR.sweep
3	133588042	133588316	0.55918	3	133580001	133755000	60.94898717	CHG_TEO_MZ_Hypo_DMR.sweep
3	133746282	133746507	0.62493	3	133580001	133755000	60.94898717	CHG_TEO_MZ_Hypo_DMR.sweep
3	145482397	145482764	0.4792	3	144975001	145520000	112.6818956	CHG_TEO_MZ_Hypo_DMR.sweep
3	194365430	194366137	0.65532	3	194185001	194645000	264.0809823	CHG_TEO_MZ_Hypo_DMR.sweep
3	194393330	194394208	0.66114	3	194185001	194645000	264.0809823	CHG_TEO_MZ_Hypo_DMR.sweep
3	208023994	208024238	0.55318	3	208020001	208075000	65.70782608	CHG_TEO_MZ_Hypo_DMR.sweep
3	226739480	226739957	0.61601	3	226680001	226820000	99.63792163	CHG_TEO_MZ_Hypo_DMR.sweep
3	226740475	226741321	0.66662	3	226680001	226820000	99.63792163	CHG_TEO_MZ_Hypo_DMR.sweep
4	34335217	34335589	0.50078	4	34250001	34695000	83.42330393	CHG_TEO_MZ_Hypo_DMR.sweep
4	39428127	39428724	0.718265	4	39260001	39480000	79.10381892	CHG_TEO_MZ_Hypo_DMR.sweep
4	41802514	41803142	0.780338	4	41535001	41965000	83.30752113	CHG_TEO_MZ_Hypo_DMR.sweep
4	42365535	42366011	0.55649	4	42255001	42440000	75.69220214	CHG_TEO_MZ_Hypo_DMR.sweep
4	42909635	42909951	0.40367	4	42575001	42910000	67.68693161	CHG_TEO_MZ_Hypo_DMR.sweep
4	50008784	50009075	0.548771	4	49840001	50580000	99.47952407	CHG_TEO_MZ_Hypo_DMR.sweep
4	50025786	50026032	0.52891	4	49840001	50580000	99.47952407	CHG_TEO_MZ_Hypo_DMR.sweep
4	50026332	50026592	0.656792	4	49840001	50580000	99.47952407	CHG_TEO_MZ_Hypo_DMR.sweep
4	50027145	50028073	0.58446	4	49840001	50580000	99.47952407	CHG_TEO_MZ_Hypo_DMR.sweep
4	50212186	50213709	0.48467	4	49840001	50580000	99.47952407	CHG_TEO_MZ_Hypo_DMR.sweep
4	50467313	50467580	0.548139	4	49840001	50580000	99.47952407	CHG_TEO_MZ_Hypo_DMR.sweep
4	50576265	50576672	0.670082	4	49840001	50580000	99.47952407	CHG_TEO_MZ_Hypo_DMR.sweep
4	56885470	56886389	0.41523	4	56765001	57070000	72.4511678	CHG_TEO_MZ_Hypo_DMR.sweep
4	60824044	60824514	0.8041581	4	60695001	60850000	116.8142997	CHG_TEO_MZ_Hypo_DMR.sweep
4	61665167	61666103	0.58111	4	61060001	62430000	186.842663	CHG_TEO_MZ_Hypo_DMR.sweep
4	69433720	69434324	0.4926	4	69400001	69470000	91.77334768	CHG_TEO_MZ_Hypo_DMR.sweep
4	74960867	74961306	0.613379	4	74880001	75580000	130.4473614	CHG_TEO_MZ_Hypo_DMR.sweep
4	75973778	75973987	0.52288	4	75965001	76320000	80.87908138	CHG_TEO_MZ_Hypo_DMR.sweep
4	82717456	82717890	0.53169	4	82640001	82815000	82.45490176	CHG_TEO_MZ_Hypo_DMR.sweep
4	83510048	83510237	0.590786	4	83220001	83955000	101.3416636	CHG_TEO_MZ_Hypo_DMR.sweep
4	85558972	85559467	0.51034	4	85385001	85580000	86.77104088	CHG_TEO_MZ_Hypo_DMR.sweep
4	87430054	87430892	0.50802	4	87290001	87660000	105.0926868	CHG_TEO_MZ_Hypo_DMR.sweep
4	89813643	89814162	0.44246	4	88610001	91075000	117.8394042	CHG_TEO_MZ_Hypo_DMR.sweep
4	89906061	89907668	0.71811	4	88610001	91075000	117.8394042	CHG_TEO_MZ_Hypo_DMR.sweep
4	90604841	90606142	0.44347	4	88610001	91075000	117.8394042	CHG_TEO_MZ_Hypo_DMR.sweep
4	92833036	92833794	0.44495	4	91715001	92845000	130.9796512	CHG_TEO_MZ_Hypo_DMR.sweep
4	93176152	93176674	0.712741	4	93165001	93260000	63.65640791	CHG_TEO_MZ_Hypo_DMR.sweep
4	93538319	93539080	0.64963	4	93405001	93625000	61.92833344	CHG_TEO_MZ_Hypo_DMR.sweep
4	93701690	93702148	0.65452	4	93685001	93850000	82.56006231	CHG_TEO_MZ_Hypo_DMR.sweep
4	94141943	94142700	0.73368	4	94135001	94190000	72.13164736	CHG_TEO_MZ_Hypo_DMR.sweep
4	98757216	98759608	0.45359	4	97645001	100290000	157.0532889	CHG_TEO_MZ_Hypo_DMR.sweep
4	99232415	99232837	0.67516	4	97645001	100290000	157.0532889	CHG_TEO_MZ_Hypo_DMR.sweep
4	100150785	100151075	0.62554	4	97645001	100290000	157.0532889	CHG_TEO_MZ_Hypo_DMR.sweep
4	100151522	100152809	0.714647	4	97645001	100290000	157.0532889	CHG_TEO_MZ_Hypo_DMR.sweep
4	101078908	101079444	0.58499	4	100410001	101180000	143.8117678	CHG_TEO_MZ_Hypo_DMR.sweep
4	101146976	101148144	0.840237	4	100410001	101180000	143.8117678	CHG_TEO_MZ_Hypo_DMR.sweep
4	101157498	101157732	0.750389	4	100410001	101180000	143.8117678	CHG_TEO_MZ_Hypo_DMR.sweep
4	102386321	102386662	0.496809	4	102115001	103130000	157.7559549	CHG_TEO_MZ_Hypo_DMR.sweep
4	102884128	102884785	0.543349	4	102115001	103130000	157.7559549	CHG_TEO_MZ_Hypo_DMR.sweep
4	103196955	103198894	0.53042	4	103195001	104635000	167.3981375	CHG_TEO_MZ_Hypo_DMR.sweep
4	103433429	103434806	0.442192	4	103195001	104635000	167.3981375	CHG_TEO_MZ_Hypo_DMR.sweep
4	103849209	103849535	0.47551	4	103195001	104635000	167.3981375	CHG_TEO_MZ_Hypo_DMR.sweep
4	106782210	106783169	0.50504	4	106605001	106830000	144.1143549	CHG_TEO_MZ_Hypo_DMR.sweep
4	111365220	111367022	0.652143	4	110600001	112610000	174.0385224	CHG_TEO_MZ_Hypo_DMR.sweep
4	111972408	111972620	0.73208	4	110600001	112610000	174.0385224	CHG_TEO_MZ_Hypo_DMR.sweep
4	111973347	111974532	0.55519	4	110600001	112610000	174.0385224	CHG_TEO_MZ_Hypo_DMR.sweep
4	111979558	111979943	0.76783	4	110600001	112610000	174.0385224	CHG_TEO_MZ_Hypo_DMR.sweep
4	111980609	111981505	0.54901	4	110600001	112610000	174.0385224	CHG_TEO_MZ_Hypo_DMR.sweep
4	112073498	112073923	0.6748592	4	110600001	112610000	174.0385224	CHG_TEO_MZ_Hypo_DMR.sweep
4	112074405	112074913	0.42223	4	110600001	112610000	174.0385224	CHG_TEO_MZ_Hypo_DMR.sweep
4	112126488	112127286	0.7051897	4	110600001	112610000	174.0385224	CHG_TEO_MZ_Hypo_DMR.sweep
4	112578882	112579405	0.781194	4	110600001	112610000	174.0385224	CHG_TEO_MZ_Hypo_DMR.sweep
4	113078266	113078903	0.64291	4	112660001	113445000	120.604842	CHG_TEO_MZ_Hypo_DMR.sweep
4	113719803	113720378	0.40022	4	113595001	114310000	107.4728946	CHG_TEO_MZ_Hypo_DMR.sweep
4	117190642	117190868	0.43917	4	116945001	117410000	81.96142812	CHG_TEO_MZ_Hypo_DMR.sweep
4	117197109	117197914	0.515486	4	116945001	117410000	81.96142812	CHG_TEO_MZ_Hypo_DMR.sweep
4	117917514	117918865	0.4890207	4	117600001	118360000	150.425658	CHG_TEO_MZ_Hypo_DMR.sweep
4	118081779	118081983	0.471605	4	117600001	118360000	150.425658	CHG_TEO_MZ_Hypo_DMR.sweep
4	118650082	118650663	0.7532984	4	118510001	118680000	62.23599597	CHG_TEO_MZ_Hypo_DMR.sweep
4	119069613	119070566	0.464	4	118910001	119440000	113.4247643	CHG_TEO_MZ_Hypo_DMR.sweep
4	119354108	119354511	0.45632	4	118910001	119440000	113.4247643	CHG_TEO_MZ_Hypo_DMR.sweep
4	119846379	119846984	0.8194322	4	119790001	120435000	94.4493842	CHG_TEO_MZ_Hypo_DMR.sweep
4	120144911	120145148	0.728426	4	119790001	120435000	94.4493842	CHG_TEO_MZ_Hypo_DMR.sweep
4	121060609	121061974	0.4116	4	120545001	121900000	108.061251	CHG_TEO_MZ_Hypo_DMR.sweep
4	121187225	121187587	0.60362	4	120545001	121900000	108.061251	CHG_TEO_MZ_Hypo_DMR.sweep
4	132095030	132095351	0.44203	4	131745001	132105000	76.33798411	CHG_TEO_MZ_Hypo_DMR.sweep
4	162133679	162134204	0.7181315	4	162085001	162145000	61.63031067	CHG_TEO_MZ_Hypo_DMR.sweep
4	176962580	176963211	0.54252	4	176885001	176965000	68.50510917	CHG_TEO_MZ_Hypo_DMR.sweep
4	177637386	177637895	0.898552	4	177555001	177965000	90.2894031	CHG_TEO_MZ_Hypo_DMR.sweep
4	177638219	177639094	0.8884531	4	177555001	177965000	90.2894031	CHG_TEO_MZ_Hypo_DMR.sweep
4	179430238	179430615	0.51415	4	179235001	179455000	110.7109864	CHG_TEO_MZ_Hypo_DMR.sweep
4	212289361	212289785	0.43006	4	212210001	212405000	68.97733848	CHG_TEO_MZ_Hypo_DMR.sweep
4	212291787	212292209	0.46799	4	212210001	212405000	68.97733848	CHG_TEO_MZ_Hypo_DMR.sweep
4	232198969	232199072	0.59341	4	232150001	232260000	129.6855937	CHG_TEO_MZ_Hypo_DMR.sweep
5	29774703	29775037	0.51083	5	29570001	30150000	89.95985599	CHG_TEO_MZ_Hypo_DMR.sweep
5	29974555	29975209	0.458982	5	29570001	30150000	89.95985599	CHG_TEO_MZ_Hypo_DMR.sweep
5	30108954	30109976	0.43425	5	29570001	30150000	89.95985599	CHG_TEO_MZ_Hypo_DMR.sweep
5	30126453	30127266	0.45809	5	29570001	30150000	89.95985599	CHG_TEO_MZ_Hypo_DMR.sweep
5	40519202	40520346	0.49876	5	40520001	40585000	64.67475267	CHG_TEO_MZ_Hypo_DMR.sweep
5	45878392	45881187	0.40926	5	44995001	46515000	122.3253008	CHG_TEO_MZ_Hypo_DMR.sweep
5	47589742	47590370	0.49013	5	47580001	48290000	110.5745085	CHG_TEO_MZ_Hypo_DMR.sweep
5	47956646	47957635	0.4495	5	47580001	48290000	110.5745085	CHG_TEO_MZ_Hypo_DMR.sweep
5	54302856	54302927	0.559749	5	54080001	54405000	71.35221334	CHG_TEO_MZ_Hypo_DMR.sweep
5	71715033	71715197	0.487408	5	71605001	71815000	82.96765536	CHG_TEO_MZ_Hypo_DMR.sweep
5	76284245	76284769	0.7394542	5	75750001	76325000	84.46732335	CHG_TEO_MZ_Hypo_DMR.sweep
5	76285186	76285714	0.792646	5	75750001	76325000	84.46732335	CHG_TEO_MZ_Hypo_DMR.sweep
5	79872032	79872348	0.444348	5	79815001	79880000	69.80590718	CHG_TEO_MZ_Hypo_DMR.sweep
5	81109398	81110013	0.55648	5	80955001	81425000	93.42820121	CHG_TEO_MZ_Hypo_DMR.sweep
5	99113882	99114314	0.840647	5	98945001	99925000	108.4076382	CHG_TEO_MZ_Hypo_DMR.sweep
5	99339832	99340140	0.5483248	5	98945001	99925000	108.4076382	CHG_TEO_MZ_Hypo_DMR.sweep
5	99775647	99776088	0.425199	5	98945001	99925000	108.4076382	CHG_TEO_MZ_Hypo_DMR.sweep
5	99807433	99808048	0.4712972	5	98945001	99925000	108.4076382	CHG_TEO_MZ_Hypo_DMR.sweep
5	101559856	101561057	0.488049	5	101380001	101560000	71.32855097	CHG_TEO_MZ_Hypo_DMR.sweep
5	104478980	104479476	0.59023	5	104190001	105055000	81.0385394	CHG_TEO_MZ_Hypo_DMR.sweep
5	104484582	104485708	0.712796	5	104190001	105055000	81.0385394	CHG_TEO_MZ_Hypo_DMR.sweep
5	107489723	107490638	0.40383	5	107115001	108365000	101.9503339	CHG_TEO_MZ_Hypo_DMR.sweep
5	107851685	107852139	0.52449	5	107115001	108365000	101.9503339	CHG_TEO_MZ_Hypo_DMR.sweep
5	108290104	108291512	0.60091	5	107115001	108365000	101.9503339	CHG_TEO_MZ_Hypo_DMR.sweep
5	108619845	108620207	0.755005	5	108600001	113150000	150.6254562	CHG_TEO_MZ_Hypo_DMR.sweep
5	108620868	108622597	0.712482	5	108600001	113150000	150.6254562	CHG_TEO_MZ_Hypo_DMR.sweep
5	108626661	108628511	0.597916	5	108600001	113150000	150.6254562	CHG_TEO_MZ_Hypo_DMR.sweep
5	108641999	108643557	0.53707	5	108600001	113150000	150.6254562	CHG_TEO_MZ_Hypo_DMR.sweep
5	108644590	108644876	0.5814338	5	108600001	113150000	150.6254562	CHG_TEO_MZ_Hypo_DMR.sweep
5	108946391	108946688	0.54161	5	108600001	113150000	150.6254562	CHG_TEO_MZ_Hypo_DMR.sweep
5	109288689	109289126	0.43616	5	108600001	113150000	150.6254562	CHG_TEO_MZ_Hypo_DMR.sweep
5	109303782	109304447	0.852978	5	108600001	113150000	150.6254562	CHG_TEO_MZ_Hypo_DMR.sweep
5	109711114	109711604	0.57052	5	108600001	113150000	150.6254562	CHG_TEO_MZ_Hypo_DMR.sweep
5	110911258	110914081	0.63668	5	108600001	113150000	150.6254562	CHG_TEO_MZ_Hypo_DMR.sweep
5	112264500	112264786	0.4266209	5	108600001	113150000	150.6254562	CHG_TEO_MZ_Hypo_DMR.sweep
5	114207244	114208296	0.51074	5	114155001	114810000	167.137598	CHG_TEO_MZ_Hypo_DMR.sweep
5	118697534	118698819	0.473195	5	118605001	119175000	117.6675007	CHG_TEO_MZ_Hypo_DMR.sweep
5	119743224	119743851	0.41208	5	119595001	120215000	129.7133181	CHG_TEO_MZ_Hypo_DMR.sweep
5	120979770	120980043	0.49442	5	120720001	121060000	85.42443509	CHG_TEO_MZ_Hypo_DMR.sweep
5	122216120	122217439	0.408242	5	122020001	122245000	124.1230149	CHG_TEO_MZ_Hypo_DMR.sweep
5	123320788	123321941	0.749368	5	122640001	123565000	121.9122337	CHG_TEO_MZ_Hypo_DMR.sweep
5	124890820	124891745	0.4370956	5	124885001	125240000	148.7492402	CHG_TEO_MZ_Hypo_DMR.sweep
5	125454283	125455581	0.670093	5	125335001	125600000	119.3647809	CHG_TEO_MZ_Hypo_DMR.sweep
5	126272555	126274460	0.42085	5	125665001	126385000	110.8472946	CHG_TEO_MZ_Hypo_DMR.sweep
5	127123191	127123342	0.51823	5	126500001	127305000	103.3208682	CHG_TEO_MZ_Hypo_DMR.sweep
5	129482941	129483269	0.51361	5	128360001	129495000	97.15392199	CHG_TEO_MZ_Hypo_DMR.sweep
5	132120789	132121452	0.52757	5	132090001	132265000	102.3856272	CHG_TEO_MZ_Hypo_DMR.sweep
5	141699863	141700214	0.5637943	5	141275001	141720000	112.2684448	CHG_TEO_MZ_Hypo_DMR.sweep
5	151775488	151776010	0.60916	5	151755001	152495000	128.2714916	CHG_TEO_MZ_Hypo_DMR.sweep
5	152263769	152264006	0.621606	5	151755001	152495000	128.2714916	CHG_TEO_MZ_Hypo_DMR.sweep
5	152299196	152299410	0.43743	5	151755001	152495000	128.2714916	CHG_TEO_MZ_Hypo_DMR.sweep
5	152299710	152300100	0.60081	5	151755001	152495000	128.2714916	CHG_TEO_MZ_Hypo_DMR.sweep
5	152440358	152441216	0.47005	5	151755001	152495000	128.2714916	CHG_TEO_MZ_Hypo_DMR.sweep
5	152442154	152442450	0.40155	5	151755001	152495000	128.2714916	CHG_TEO_MZ_Hypo_DMR.sweep
5	152447799	152448471	0.42943	5	151755001	152495000	128.2714916	CHG_TEO_MZ_Hypo_DMR.sweep
5	156315556	156315802	0.5555856	5	156295001	156435000	65.55997195	CHG_TEO_MZ_Hypo_DMR.sweep
5	156316296	156316801	0.4496	5	156295001	156435000	65.55997195	CHG_TEO_MZ_Hypo_DMR.sweep
5	160391618	160392361	0.5126221	5	160390001	160725000	90.12289268	CHG_TEO_MZ_Hypo_DMR.sweep
5	189750134	189751646	0.65983	5	189535001	190015000	97.44630263	CHG_TEO_MZ_Hypo_DMR.sweep
6	860787	862040	0.51005	6	850001	1005000	72.92365029	CHG_TEO_MZ_Hypo_DMR.sweep
6	863468	864137	0.56426	6	850001	1005000	72.92365029	CHG_TEO_MZ_Hypo_DMR.sweep
6	16770050	16770463	0.46958	6	16610001	16840000	87.45599791	CHG_TEO_MZ_Hypo_DMR.sweep
6	17740413	17740716	0.41617	6	17660001	17795000	76.66746702	CHG_TEO_MZ_Hypo_DMR.sweep
6	17741291	17741622	0.44221	6	17660001	17795000	76.66746702	CHG_TEO_MZ_Hypo_DMR.sweep
6	37339627	37339914	0.55195	6	37305001	37465000	68.67533839	CHG_TEO_MZ_Hypo_DMR.sweep
6	37354735	37355585	0.44651	6	37305001	37465000	68.67533839	CHG_TEO_MZ_Hypo_DMR.sweep
6	40860035	40860185	0.40477027	6	40810001	40995000	91.27227522	CHG_TEO_MZ_Hypo_DMR.sweep
6	42181165	42181877	0.4083173	6	42140001	42395000	74.45003039	CHG_TEO_MZ_Hypo_DMR.sweep
6	42203351	42203789	0.43838	6	42140001	42395000	74.45003039	CHG_TEO_MZ_Hypo_DMR.sweep
6	50114154	50114504	0.628746	6	48405001	50760000	173.87295	CHG_TEO_MZ_Hypo_DMR.sweep
6	50116109	50116254	0.6361178	6	48405001	50760000	173.87295	CHG_TEO_MZ_Hypo_DMR.sweep
6	50120410	50121645	0.513868	6	48405001	50760000	173.87295	CHG_TEO_MZ_Hypo_DMR.sweep
6	50123035	50123303	0.728171	6	48405001	50760000	173.87295	CHG_TEO_MZ_Hypo_DMR.sweep
6	50335884	50336526	0.41601	6	48405001	50760000	173.87295	CHG_TEO_MZ_Hypo_DMR.sweep
6	50482189	50482724	0.55116	6	48405001	50760000	173.87295	CHG_TEO_MZ_Hypo_DMR.sweep
6	50973872	50974866	0.691935	6	50830001	51120000	122.2921836	CHG_TEO_MZ_Hypo_DMR.sweep
6	52291851	52292563	0.7151367	6	51290001	52415000	150.7785615	CHG_TEO_MZ_Hypo_DMR.sweep
6	54068790	54069133	0.43483	6	53960001	54120000	141.722253	CHG_TEO_MZ_Hypo_DMR.sweep
6	54821676	54823759	0.46793	6	54275001	55310000	164.5077074	CHG_TEO_MZ_Hypo_DMR.sweep
6	55169408	55169749	0.408369976	6	54275001	55310000	164.5077074	CHG_TEO_MZ_Hypo_DMR.sweep
6	55607331	55607698	0.58161	6	55595001	55700000	81.75097008	CHG_TEO_MZ_Hypo_DMR.sweep
6	55999645	56001130	0.725927	6	55930001	56310000	106.1061312	CHG_TEO_MZ_Hypo_DMR.sweep
6	62652621	62653204	0.403117	6	62300001	62925000	72.48262574	CHG_TEO_MZ_Hypo_DMR.sweep
6	64324032	64324190	0.47727	6	64145001	64340000	83.65555921	CHG_TEO_MZ_Hypo_DMR.sweep
6	84592303	84592686	0.58127	6	84575001	84645000	80.07734757	CHG_TEO_MZ_Hypo_DMR.sweep
6	101869019	101869322	0.58739	6	101770001	101930000	97.03206192	CHG_TEO_MZ_Hypo_DMR.sweep
6	113422375	113422753	0.67559	6	113075001	113570000	110.1091014	CHG_TEO_MZ_Hypo_DMR.sweep
6	113551201	113551453	0.46455	6	113075001	113570000	110.1091014	CHG_TEO_MZ_Hypo_DMR.sweep
6	130782498	130782678	0.43763	6	130605001	131350000	100.0900154	CHG_TEO_MZ_Hypo_DMR.sweep
6	138265933	138266533	0.593856	6	138195001	138320000	78.15342692	CHG_TEO_MZ_Hypo_DMR.sweep
6	140956580	140957459	0.5899	6	140715001	141005000	80.49614262	CHG_TEO_MZ_Hypo_DMR.sweep
6	147424211	147424398	0.48423	6	147395001	147770000	110.123155	CHG_TEO_MZ_Hypo_DMR.sweep
6	147554245	147554708	0.40251	6	147395001	147770000	110.123155	CHG_TEO_MZ_Hypo_DMR.sweep
6	156814606	156815826	0.59749	6	156740001	156820000	80.18144018	CHG_TEO_MZ_Hypo_DMR.sweep
7	30456528	30456975	0.50669	7	30350001	30465000	95.49224605	CHG_TEO_MZ_Hypo_DMR.sweep
7	39340757	39340933	0.4437852	7	38975001	39410000	79.59737029	CHG_TEO_MZ_Hypo_DMR.sweep
7	40059512	40060464	0.63802	7	39495001	40300000	115.2683327	CHG_TEO_MZ_Hypo_DMR.sweep
7	49831164	49832077	0.49996	7	49550001	51335000	140.9609453	CHG_TEO_MZ_Hypo_DMR.sweep
7	50026785	50027187	0.679063	7	49550001	51335000	140.9609453	CHG_TEO_MZ_Hypo_DMR.sweep
7	50318742	50320164	0.524044	7	49550001	51335000	140.9609453	CHG_TEO_MZ_Hypo_DMR.sweep
7	50778931	50779369	0.44187	7	49550001	51335000	140.9609453	CHG_TEO_MZ_Hypo_DMR.sweep
7	50780971	50781685	0.7084805	7	49550001	51335000	140.9609453	CHG_TEO_MZ_Hypo_DMR.sweep
7	51105521	51105730	0.46273	7	49550001	51335000	140.9609453	CHG_TEO_MZ_Hypo_DMR.sweep
7	51106030	51106597	0.42902	7	49550001	51335000	140.9609453	CHG_TEO_MZ_Hypo_DMR.sweep
7	54756359	54757052	0.56141	7	54265001	58560000	189.8524624	CHG_TEO_MZ_Hypo_DMR.sweep
7	54757520	54758544	0.60486	7	54265001	58560000	189.8524624	CHG_TEO_MZ_Hypo_DMR.sweep
7	54886699	54886960	0.4141285	7	54265001	58560000	189.8524624	CHG_TEO_MZ_Hypo_DMR.sweep
7	55061404	55061507	0.44911	7	54265001	58560000	189.8524624	CHG_TEO_MZ_Hypo_DMR.sweep
7	55355630	55356618	0.50548	7	54265001	58560000	189.8524624	CHG_TEO_MZ_Hypo_DMR.sweep
7	55562118	55562636	0.65606	7	54265001	58560000	189.8524624	CHG_TEO_MZ_Hypo_DMR.sweep
7	55569310	55569440	0.69007	7	54265001	58560000	189.8524624	CHG_TEO_MZ_Hypo_DMR.sweep
7	55569778	55570295	0.55248	7	54265001	58560000	189.8524624	CHG_TEO_MZ_Hypo_DMR.sweep
7	57997587	57998830	0.5925	7	54265001	58560000	189.8524624	CHG_TEO_MZ_Hypo_DMR.sweep
7	58458831	58459137	0.601089	7	54265001	58560000	189.8524624	CHG_TEO_MZ_Hypo_DMR.sweep
7	62166870	62168668	0.45815	7	58790001	68335000	178.9359391	CHG_TEO_MZ_Hypo_DMR.sweep
7	62170256	62170809	0.43894	7	58790001	68335000	178.9359391	CHG_TEO_MZ_Hypo_DMR.sweep
7	62201170	62201839	0.55097	7	58790001	68335000	178.9359391	CHG_TEO_MZ_Hypo_DMR.sweep
7	62208626	62209310	0.62965	7	58790001	68335000	178.9359391	CHG_TEO_MZ_Hypo_DMR.sweep
7	62534814	62535079	0.59495	7	58790001	68335000	178.9359391	CHG_TEO_MZ_Hypo_DMR.sweep
7	62550944	62551185	0.43395	7	58790001	68335000	178.9359391	CHG_TEO_MZ_Hypo_DMR.sweep
7	63016871	63018251	0.54204	7	58790001	68335000	178.9359391	CHG_TEO_MZ_Hypo_DMR.sweep
7	63208185	63208554	0.53363	7	58790001	68335000	178.9359391	CHG_TEO_MZ_Hypo_DMR.sweep
7	65559492	65560270	0.418244	7	58790001	68335000	178.9359391	CHG_TEO_MZ_Hypo_DMR.sweep
7	67411636	67411932	0.51342	7	58790001	68335000	178.9359391	CHG_TEO_MZ_Hypo_DMR.sweep
7	68161907	68163925	0.682871	7	58790001	68335000	178.9359391	CHG_TEO_MZ_Hypo_DMR.sweep
7	69404334	69404484	0.44939	7	68710001	70140000	132.5262101	CHG_TEO_MZ_Hypo_DMR.sweep
7	69464260	69464473	0.737526	7	68710001	70140000	132.5262101	CHG_TEO_MZ_Hypo_DMR.sweep
7	69464931	69465156	0.50929	7	68710001	70140000	132.5262101	CHG_TEO_MZ_Hypo_DMR.sweep
7	69494544	69494845	0.556748	7	68710001	70140000	132.5262101	CHG_TEO_MZ_Hypo_DMR.sweep
7	69988114	69989411	0.634953	7	68710001	70140000	132.5262101	CHG_TEO_MZ_Hypo_DMR.sweep
7	71649981	71650450	0.60462	7	71025001	71700000	114.1009871	CHG_TEO_MZ_Hypo_DMR.sweep
7	73117339	73118232	0.52973	7	71775001	73660000	141.1936715	CHG_TEO_MZ_Hypo_DMR.sweep
7	73133028	73133324	0.61995	7	71775001	73660000	141.1936715	CHG_TEO_MZ_Hypo_DMR.sweep
7	73961275	73961504	0.7970253	7	73815001	74435000	78.61710245	CHG_TEO_MZ_Hypo_DMR.sweep
7	73978534	73978650	0.782386	7	73815001	74435000	78.61710245	CHG_TEO_MZ_Hypo_DMR.sweep
7	75511435	75511653	0.46478	7	74635001	76000000	90.23136518	CHG_TEO_MZ_Hypo_DMR.sweep
7	75744095	75744562	0.44935	7	74635001	76000000	90.23136518	CHG_TEO_MZ_Hypo_DMR.sweep
7	75940169	75940836	0.50495	7	74635001	76000000	90.23136518	CHG_TEO_MZ_Hypo_DMR.sweep
7	75949927	75950605	0.43452	7	74635001	76000000	90.23136518	CHG_TEO_MZ_Hypo_DMR.sweep
7	75950916	75950986	0.43026	7	74635001	76000000	90.23136518	CHG_TEO_MZ_Hypo_DMR.sweep
7	75955210	75956561	0.53032	7	74635001	76000000	90.23136518	CHG_TEO_MZ_Hypo_DMR.sweep
7	79917375	79917535	0.40143	7	79375001	80155000	90.51015114	CHG_TEO_MZ_Hypo_DMR.sweep
7	80069386	80070122	0.65715	7	79375001	80155000	90.51015114	CHG_TEO_MZ_Hypo_DMR.sweep
7	80076055	80076883	0.64811	7	79375001	80155000	90.51015114	CHG_TEO_MZ_Hypo_DMR.sweep
7	80096505	80096606	0.645853	7	79375001	80155000	90.51015114	CHG_TEO_MZ_Hypo_DMR.sweep
7	81041892	81042134	0.58996	7	80930001	81515000	84.28318444	CHG_TEO_MZ_Hypo_DMR.sweep
7	81051598	81052489	0.45506	7	80930001	81515000	84.28318444	CHG_TEO_MZ_Hypo_DMR.sweep
7	81245999	81246630	0.48842	7	80930001	81515000	84.28318444	CHG_TEO_MZ_Hypo_DMR.sweep
7	81363648	81363952	0.45273	7	80930001	81515000	84.28318444	CHG_TEO_MZ_Hypo_DMR.sweep
7	83127226	83127554	0.552012	7	83025001	83165000	73.42068756	CHG_TEO_MZ_Hypo_DMR.sweep
7	91839693	91839907	0.7630191	7	91750001	91890000	80.05798908	CHG_TEO_MZ_Hypo_DMR.sweep
7	96334660	96334952	0.57103	7	95805001	96615000	175.5934373	CHG_TEO_MZ_Hypo_DMR.sweep
7	96532271	96533794	0.429118	7	95805001	96615000	175.5934373	CHG_TEO_MZ_Hypo_DMR.sweep
7	96533841	96534587	0.50602	7	95805001	96615000	175.5934373	CHG_TEO_MZ_Hypo_DMR.sweep
7	98087731	98088300	0.40815	7	98080001	98280000	83.27400032	CHG_TEO_MZ_Hypo_DMR.sweep
7	127259793	127259930	0.574572	7	127185001	127305000	65.64194584	CHG_TEO_MZ_Hypo_DMR.sweep
7	127260237	127260835	0.610743	7	127185001	127305000	65.64194584	CHG_TEO_MZ_Hypo_DMR.sweep
7	138447225	138448526	0.42608	7	138445001	138665000	65.69471997	CHG_TEO_MZ_Hypo_DMR.sweep
7	154485655	154486188	0.579	7	154485001	154550000	75.11248013	CHG_TEO_MZ_Hypo_DMR.sweep
7	181511223	181511985	0.5207	7	181315001	181635000	81.20912317	CHG_TEO_MZ_Hypo_DMR.sweep
7	181987802	181988642	0.630351	7	181775001	182035000	61.69555802	CHG_TEO_MZ_Hypo_DMR.sweep
8	29783309	29783507	0.44229	8	29675001	29885000	96.94878775	CHG_TEO_MZ_Hypo_DMR.sweep
8	31656823	31657503	0.721163	8	30970001	31725000	110.4487585	CHG_TEO_MZ_Hypo_DMR.sweep
8	32880507	32880860	0.5138256	8	32625001	33570000	133.7397355	CHG_TEO_MZ_Hypo_DMR.sweep
8	42327625	42328159	0.490875	8	42270001	42425000	113.8496906	CHG_TEO_MZ_Hypo_DMR.sweep
8	44246068	44247242	0.40631	8	42490001	44435000	153.5160025	CHG_TEO_MZ_Hypo_DMR.sweep
8	44267751	44268152	0.455291	8	42490001	44435000	153.5160025	CHG_TEO_MZ_Hypo_DMR.sweep
8	44429404	44429600	0.51659	8	42490001	44435000	153.5160025	CHG_TEO_MZ_Hypo_DMR.sweep
8	48892920	48893534	0.682915	8	48725001	48935000	64.65296303	CHG_TEO_MZ_Hypo_DMR.sweep
8	48893956	48894794	0.535694	8	48725001	48935000	64.65296303	CHG_TEO_MZ_Hypo_DMR.sweep
8	48909525	48910664	0.704934	8	48725001	48935000	64.65296303	CHG_TEO_MZ_Hypo_DMR.sweep
8	57885102	57885197	0.401552	8	57795001	57900000	67.90168213	CHG_TEO_MZ_Hypo_DMR.sweep
8	60115662	60116044	0.632407	8	60115001	60295000	86.15304685	CHG_TEO_MZ_Hypo_DMR.sweep
8	61603713	61604609	0.41023	8	61465001	61640000	78.98098134	CHG_TEO_MZ_Hypo_DMR.sweep
8	71195751	71196257	0.51111	8	70845001	71640000	142.5570072	CHG_TEO_MZ_Hypo_DMR.sweep
8	71203533	71204346	0.5182	8	70845001	71640000	142.5570072	CHG_TEO_MZ_Hypo_DMR.sweep
8	72866216	72866878	0.40254	8	72815001	72915000	61.10899969	CHG_TEO_MZ_Hypo_DMR.sweep
8	72867374	72867671	0.41498	8	72815001	72915000	61.10899969	CHG_TEO_MZ_Hypo_DMR.sweep
8	75591763	75592317	0.40794	8	75440001	75875000	106.4958885	CHG_TEO_MZ_Hypo_DMR.sweep
8	75712213	75712865	0.49388	8	75440001	75875000	106.4958885	CHG_TEO_MZ_Hypo_DMR.sweep
8	75713408	75714033	0.51553	8	75440001	75875000	106.4958885	CHG_TEO_MZ_Hypo_DMR.sweep
8	79657985	79658575	0.40483	8	79500001	79750000	101.3714711	CHG_TEO_MZ_Hypo_DMR.sweep
8	84718408	84718605	0.4512	8	84565001	84720000	62.43088827	CHG_TEO_MZ_Hypo_DMR.sweep
8	87309908	87310021	0.5016	8	87150001	87465000	71.92055093	CHG_TEO_MZ_Hypo_DMR.sweep
8	98058205	98058544	0.8081057	8	98015001	99060000	195.3300202	CHG_TEO_MZ_Hypo_DMR.sweep
8	98614249	98614579	0.560796	8	98015001	99060000	195.3300202	CHG_TEO_MZ_Hypo_DMR.sweep
8	98628364	98628822	0.725126	8	98015001	99060000	195.3300202	CHG_TEO_MZ_Hypo_DMR.sweep
8	98909005	98909507	0.42713	8	98015001	99060000	195.3300202	CHG_TEO_MZ_Hypo_DMR.sweep
8	98909831	98910052	0.40975	8	98015001	99060000	195.3300202	CHG_TEO_MZ_Hypo_DMR.sweep
8	98916438	98917526	0.60755	8	98015001	99060000	195.3300202	CHG_TEO_MZ_Hypo_DMR.sweep
8	98926711	98927645	0.56712	8	98015001	99060000	195.3300202	CHG_TEO_MZ_Hypo_DMR.sweep
8	99369612	99369925	0.49176	8	99290001	100315000	151.1512483	CHG_TEO_MZ_Hypo_DMR.sweep
8	99681268	99681776	0.5920592	8	99290001	100315000	151.1512483	CHG_TEO_MZ_Hypo_DMR.sweep
8	100001010	100001724	0.798004	8	99290001	100315000	151.1512483	CHG_TEO_MZ_Hypo_DMR.sweep
8	100002156	100002844	0.8261156	8	99290001	100315000	151.1512483	CHG_TEO_MZ_Hypo_DMR.sweep
8	100003249	100003881	0.763934	8	99290001	100315000	151.1512483	CHG_TEO_MZ_Hypo_DMR.sweep
8	101390461	101390673	0.588847	8	101175001	102790000	174.4757179	CHG_TEO_MZ_Hypo_DMR.sweep
8	101645903	101645989	0.621879881	8	101175001	102790000	174.4757179	CHG_TEO_MZ_Hypo_DMR.sweep
8	102773312	102773651	0.57885	8	101175001	102790000	174.4757179	CHG_TEO_MZ_Hypo_DMR.sweep
8	107234114	107234554	0.57359	8	107180001	107255000	69.1038839	CHG_TEO_MZ_Hypo_DMR.sweep
8	110824444	110824919	0.761923	8	110730001	110945000	86.00274814	CHG_TEO_MZ_Hypo_DMR.sweep
8	148354053	148354332	0.759262	8	148140001	148420000	80.0460905	CHG_TEO_MZ_Hypo_DMR.sweep
8	150762938	150763236	0.60886	8	150745001	150820000	111.9263768	CHG_TEO_MZ_Hypo_DMR.sweep
9	17829483	17830066	0.8005094	9	17780001	17960000	147.1861211	CHG_TEO_MZ_Hypo_DMR.sweep
9	17847818	17848427	0.7906603	9	17780001	17960000	147.1861211	CHG_TEO_MZ_Hypo_DMR.sweep
9	21252735	21253337	0.69807	9	21240001	21560000	117.8754764	CHG_TEO_MZ_Hypo_DMR.sweep
9	21285131	21285724	0.495796	9	21240001	21560000	117.8754764	CHG_TEO_MZ_Hypo_DMR.sweep
9	21516859	21517069	0.47945	9	21240001	21560000	117.8754764	CHG_TEO_MZ_Hypo_DMR.sweep
9	36400582	36400702	0.48075	9	36305001	36620000	76.2999152	CHG_TEO_MZ_Hypo_DMR.sweep
9	36415991	36416418	0.57348	9	36305001	36620000	76.2999152	CHG_TEO_MZ_Hypo_DMR.sweep
9	36520467	36521448	0.866632	9	36305001	36620000	76.2999152	CHG_TEO_MZ_Hypo_DMR.sweep
9	36928200	36929114	0.42444	9	36915001	37075000	75.6073118	CHG_TEO_MZ_Hypo_DMR.sweep
9	52540243	52541123	0.629475	9	52225001	52895000	116.8955153	CHG_TEO_MZ_Hypo_DMR.sweep
9	53773764	53773975	0.7582139	9	53655001	54110000	87.59063417	CHG_TEO_MZ_Hypo_DMR.sweep
9	54268778	54270732	0.531344	9	54270001	54830000	85.91098254	CHG_TEO_MZ_Hypo_DMR.sweep
9	55850609	55851086	0.525703	9	55295001	56625000	96.58124309	CHG_TEO_MZ_Hypo_DMR.sweep
9	55851425	55851704	0.675227	9	55295001	56625000	96.58124309	CHG_TEO_MZ_Hypo_DMR.sweep
9	57313180	57313752	0.45397	9	56710001	57475000	125.1280095	CHG_TEO_MZ_Hypo_DMR.sweep
9	58266769	58267593	0.622176	9	58095001	58405000	98.17520799	CHG_TEO_MZ_Hypo_DMR.sweep
9	58962829	58963870	0.603211	9	58580001	61495000	127.8064748	CHG_TEO_MZ_Hypo_DMR.sweep
9	60329112	60329260	0.5009638	9	58580001	61495000	127.8064748	CHG_TEO_MZ_Hypo_DMR.sweep
9	60507179	60507677	0.46323	9	58580001	61495000	127.8064748	CHG_TEO_MZ_Hypo_DMR.sweep
9	60936430	60936579	0.58071	9	58580001	61495000	127.8064748	CHG_TEO_MZ_Hypo_DMR.sweep
9	64633776	64634113	0.41986	9	64345001	64940000	101.7322081	CHG_TEO_MZ_Hypo_DMR.sweep
9	66677289	66677610	0.602459905	9	66250001	66695000	79.00173385	CHG_TEO_MZ_Hypo_DMR.sweep
9	67112684	67113673	0.4499325	9	66985001	67635000	109.5602849	CHG_TEO_MZ_Hypo_DMR.sweep
9	79440280	79440726	0.55883	9	79115001	79565000	108.8708499	CHG_TEO_MZ_Hypo_DMR.sweep
9	79547450	79547700	0.71376	9	79115001	79565000	108.8708499	CHG_TEO_MZ_Hypo_DMR.sweep
9	104244146	104244655	0.818559	9	104085001	104275000	87.09097755	CHG_TEO_MZ_Hypo_DMR.sweep
9	104245035	104245826	0.7487687	9	104085001	104275000	87.09097755	CHG_TEO_MZ_Hypo_DMR.sweep
9	122940380	122940869	0.519	9	122925001	123140000	134.2989057	CHG_TEO_MZ_Hypo_DMR.sweep
9	126198019	126198415	0.40504	9	126080001	126275000	90.98384022	CHG_TEO_MZ_Hypo_DMR.sweep
10	16935130	16935512	0.61307	10	16860001	17155000	96.6578789	CHG_TEO_MZ_Hypo_DMR.sweep
10	18516200	18516756	0.4958	10	18315001	18685000	109.5767338	CHG_TEO_MZ_Hypo_DMR.sweep
10	32567663	32568024	0.42123	10	32355001	32690000	68.9683227	CHG_TEO_MZ_Hypo_DMR.sweep
10	33046167	33047682	0.477955	10	32965001	33650000	90.24747479	CHG_TEO_MZ_Hypo_DMR.sweep
10	39776727	39776831	0.61772	10	39660001	39910000	72.32815252	CHG_TEO_MZ_Hypo_DMR.sweep
10	40896069	40896356	0.513856	10	40790001	41145000	79.28362589	CHG_TEO_MZ_Hypo_DMR.sweep
10	40896856	40897178	0.415736	10	40790001	41145000	79.28362589	CHG_TEO_MZ_Hypo_DMR.sweep
10	42752159	42752452	0.51082	10	42010001	43740000	117.5792749	CHG_TEO_MZ_Hypo_DMR.sweep
10	44089795	44090341	0.4919	10	44090001	45255000	131.774812	CHG_TEO_MZ_Hypo_DMR.sweep
10	44167724	44168040	0.62051	10	44090001	45255000	131.774812	CHG_TEO_MZ_Hypo_DMR.sweep
10	45008121	45008563	0.723161	10	44090001	45255000	131.774812	CHG_TEO_MZ_Hypo_DMR.sweep
10	45770659	45771429	0.740656	10	45320001	46415000	107.473146	CHG_TEO_MZ_Hypo_DMR.sweep
10	45783886	45784734	0.712132	10	45320001	46415000	107.473146	CHG_TEO_MZ_Hypo_DMR.sweep
10	46809015	46809435	0.438605	10	46470001	46875000	71.56451553	CHG_TEO_MZ_Hypo_DMR.sweep
10	47328018	47328346	0.541664	10	46925001	49345000	178.535197	CHG_TEO_MZ_Hypo_DMR.sweep
10	47328694	47329071	0.658528	10	46925001	49345000	178.535197	CHG_TEO_MZ_Hypo_DMR.sweep
10	50516640	50516999	0.554496	10	50200001	50830000	126.0707203	CHG_TEO_MZ_Hypo_DMR.sweep
10	50517321	50517792	0.561985	10	50200001	50830000	126.0707203	CHG_TEO_MZ_Hypo_DMR.sweep
10	51537554	51538828	0.42996	10	51055001	52485000	89.21216747	CHG_TEO_MZ_Hypo_DMR.sweep
10	52236465	52236943	0.40232	10	51055001	52485000	89.21216747	CHG_TEO_MZ_Hypo_DMR.sweep
10	52261365	52262027	0.830794	10	51055001	52485000	89.21216747	CHG_TEO_MZ_Hypo_DMR.sweep
10	58749901	58750433	0.437625	10	58700001	58755000	83.21357344	CHG_TEO_MZ_Hypo_DMR.sweep
10	67238792	67239016	0.726351	10	67215001	67620000	95.12430883	CHG_TEO_MZ_Hypo_DMR.sweep
10	67244919	67245599	0.699196	10	67215001	67620000	95.12430883	CHG_TEO_MZ_Hypo_DMR.sweep
10	69451992	69452256	0.7693218	10	69140001	69595000	176.8504499	CHG_TEO_MZ_Hypo_DMR.sweep
10	69452656	69453050	0.44744	10	69140001	69595000	176.8504499	CHG_TEO_MZ_Hypo_DMR.sweep
10	84502418	84503133	0.69347	10	84385001	84780000	120.7133326	CHG_TEO_MZ_Hypo_DMR.sweep
10	84563122	84565789	0.71529	10	84385001	84780000	120.7133326	CHG_TEO_MZ_Hypo_DMR.sweep
10	84566177	84566444	0.766554	10	84385001	84780000	120.7133326	CHG_TEO_MZ_Hypo_DMR.sweep
10	88008729	88009257	0.48352	10	87975001	88115000	83.60021765	CHG_TEO_MZ_Hypo_DMR.sweep
10	96119881	96120189	0.7049849	10	96050001	96455000	100.5325476	CHG_TEO_MZ_Hypo_DMR.sweep
10	98589097	98589444	0.528838	10	98545001	98645000	87.50637418	CHG_TEO_MZ_Hypo_DMR.sweep
10	101502108	101502265	0.7616804	10	101435001	101525000	73.9010554	CHG_TEO_MZ_Hypo_DMR.sweep
10	102055205	102055595	0.5577783	10	102055001	102125000	71.1935912	CHG_TEO_MZ_Hypo_DMR.sweep
10	104815497	104816234	0.681127	10	104400001	105170000	100.4898678	CHG_TEO_MZ_Hypo_DMR.sweep
10	104904540	104905705	0.44155	10	104400001	105170000	100.4898678	CHG_TEO_MZ_Hypo_DMR.sweep
10	110857321	110857611	0.60479	10	110790001	110965000	64.14527588	CHG_TEO_MZ_Hypo_DMR.sweep
10	110859433	110859748	0.48463	10	110790001	110965000	64.14527588	CHG_TEO_MZ_Hypo_DMR.sweep
1	91286099	91286285	-0.717904	1	91095001	91555000	68.96583898	CHG_TEO_MZ_Hyper_DMR.sweep
1	127220131	127220675	-0.4478	1	126720001	127370000	125.5998028	CHG_TEO_MZ_Hyper_DMR.sweep
1	128271005	128271253	-0.66743	1	127525001	129020000	148.1444861	CHG_TEO_MZ_Hyper_DMR.sweep
1	128271726	128272009	-0.45863	1	127525001	129020000	148.1444861	CHG_TEO_MZ_Hyper_DMR.sweep
1	130306877	130307760	-0.48225	1	129610001	130695000	101.9807369	CHG_TEO_MZ_Hyper_DMR.sweep
1	131051327	131051523	-0.59164	1	130745001	131505000	99.98313809	CHG_TEO_MZ_Hyper_DMR.sweep
1	132391561	132391955	-0.417034	1	131625001	132750000	179.0775221	CHG_TEO_MZ_Hyper_DMR.sweep
1	134436473	134436848	-0.415064	1	134350001	134655000	151.8317196	CHG_TEO_MZ_Hyper_DMR.sweep
1	140270972	140272123	-0.60767	1	139900001	140925000	138.2913258	CHG_TEO_MZ_Hyper_DMR.sweep
1	149112133	149113396	-0.55093	1	149000001	149510000	104.9792238	CHG_TEO_MZ_Hyper_DMR.sweep
1	185426152	185426331	-0.62053	1	185365001	185480000	67.78093732	CHG_TEO_MZ_Hyper_DMR.sweep
1	250955774	250957233	-0.46742	1	250895001	251000000	65.99792362	CHG_TEO_MZ_Hyper_DMR.sweep
1	266794561	266794815	-0.41515	1	266520001	266805000	68.11713378	CHG_TEO_MZ_Hyper_DMR.sweep
1	306556356	306556722	-0.50065	1	306430001	306885000	97.0306103	CHG_TEO_MZ_Hyper_DMR.sweep
2	26426291	26427187	-0.423517	2	26190001	27135000	163.3610199	CHG_TEO_MZ_Hyper_DMR.sweep
2	26427575	26428798	-0.401617	2	26190001	27135000	163.3610199	CHG_TEO_MZ_Hyper_DMR.sweep
2	26732816	26733155	-0.50146	2	26190001	27135000	163.3610199	CHG_TEO_MZ_Hyper_DMR.sweep
2	76139101	76139527	-0.41357	2	75965001	76165000	88.50590774	CHG_TEO_MZ_Hyper_DMR.sweep
2	92788945	92789776	-0.52415	2	92280001	92930000	93.26309292	CHG_TEO_MZ_Hyper_DMR.sweep
2	96711250	96711350	-0.458329	2	96510001	96880000	138.2081036	CHG_TEO_MZ_Hyper_DMR.sweep
2	96711785	96711937	-0.40808	2	96510001	96880000	138.2081036	CHG_TEO_MZ_Hyper_DMR.sweep
2	101250347	101250530	-0.47946	2	100930001	102100000	142.7613287	CHG_TEO_MZ_Hyper_DMR.sweep
2	119377073	119377585	-0.54382	2	118200001	119625000	190.9261675	CHG_TEO_MZ_Hyper_DMR.sweep
2	198813406	198814473	-0.41457	2	198630001	198995000	113.3377215	CHG_TEO_MZ_Hyper_DMR.sweep
2	218754943	218756881	-0.46646	2	218640001	218805000	63.14057652	CHG_TEO_MZ_Hyper_DMR.sweep
3	212066	212427	-0.51704	3	5001	255000	126.6069872	CHG_TEO_MZ_Hyper_DMR.sweep
3	34302379	34302767	-0.42442	3	34235001	34375000	62.32969039	CHG_TEO_MZ_Hyper_DMR.sweep
3	57174636	57175392	-0.47082	3	57130001	57335000	68.06770037	CHG_TEO_MZ_Hyper_DMR.sweep
3	75327956	75328874	-0.40876	3	73260001	79785000	173.1603758	CHG_TEO_MZ_Hyper_DMR.sweep
3	75631422	75632769	-0.46723	3	73260001	79785000	173.1603758	CHG_TEO_MZ_Hyper_DMR.sweep
3	76364854	76365190	-0.4031	3	73260001	79785000	173.1603758	CHG_TEO_MZ_Hyper_DMR.sweep
3	76711133	76711557	-0.472786	3	73260001	79785000	173.1603758	CHG_TEO_MZ_Hyper_DMR.sweep
3	76734695	76735601	-0.43272	3	73260001	79785000	173.1603758	CHG_TEO_MZ_Hyper_DMR.sweep
3	78978561	78978808	-0.46269	3	73260001	79785000	173.1603758	CHG_TEO_MZ_Hyper_DMR.sweep
3	80348978	80349294	-0.41988	3	79840001	80405000	120.6627541	CHG_TEO_MZ_Hyper_DMR.sweep
3	92490629	92491325	-0.45723	3	91980001	92560000	98.04362902	CHG_TEO_MZ_Hyper_DMR.sweep
3	159927568	159927843	-0.5306168	3	159915001	159975000	80.79091344	CHG_TEO_MZ_Hyper_DMR.sweep
4	9974865	9975736	-0.542657	4	9460001	10240000	90.73196584	CHG_TEO_MZ_Hyper_DMR.sweep
4	40634924	40635126	-0.67108	4	40550001	40645000	60.83731097	CHG_TEO_MZ_Hyper_DMR.sweep
4	53867574	53868426	-0.428529	4	53540001	54365000	140.5519599	CHG_TEO_MZ_Hyper_DMR.sweep
4	54179212	54179912	-0.45864	4	53540001	54365000	140.5519599	CHG_TEO_MZ_Hyper_DMR.sweep
4	57029832	57030862	-0.45879	4	56765001	57070000	72.4511678	CHG_TEO_MZ_Hyper_DMR.sweep
4	61381597	61382035	-0.615145	4	61060001	62430000	186.842663	CHG_TEO_MZ_Hyper_DMR.sweep
4	61389122	61389318	-0.54558	4	61060001	62430000	186.842663	CHG_TEO_MZ_Hyper_DMR.sweep
4	61547061	61548178	-0.41471	4	61060001	62430000	186.842663	CHG_TEO_MZ_Hyper_DMR.sweep
4	62228680	62228910	-0.50665	4	61060001	62430000	186.842663	CHG_TEO_MZ_Hyper_DMR.sweep
4	66677606	66678381	-0.52459	4	66650001	66960000	100.9577608	CHG_TEO_MZ_Hyper_DMR.sweep
4	75108372	75108946	-0.55172	4	74880001	75580000	130.4473614	CHG_TEO_MZ_Hyper_DMR.sweep
4	83461692	83462148	-0.57458	4	83220001	83955000	101.3416636	CHG_TEO_MZ_Hyper_DMR.sweep
4	90607941	90608347	-0.510105	4	88610001	91075000	117.8394042	CHG_TEO_MZ_Hyper_DMR.sweep
4	91848728	91848923	-0.658565	4	91715001	92845000	130.9796512	CHG_TEO_MZ_Hyper_DMR.sweep
4	91937365	91937782	-0.49758	4	91715001	92845000	130.9796512	CHG_TEO_MZ_Hyper_DMR.sweep
4	91947738	91948393	-0.51801	4	91715001	92845000	130.9796512	CHG_TEO_MZ_Hyper_DMR.sweep
4	91984041	91985169	-0.47955	4	91715001	92845000	130.9796512	CHG_TEO_MZ_Hyper_DMR.sweep
4	91988557	91989675	-0.62142	4	91715001	92845000	130.9796512	CHG_TEO_MZ_Hyper_DMR.sweep
4	91990190	91990694	-0.56042	4	91715001	92845000	130.9796512	CHG_TEO_MZ_Hyper_DMR.sweep
4	92823013	92823526	-0.849413	4	91715001	92845000	130.9796512	CHG_TEO_MZ_Hyper_DMR.sweep
4	98668704	98669865	-0.58508	4	97645001	100290000	157.0532889	CHG_TEO_MZ_Hyper_DMR.sweep
4	99944174	99944610	-0.48481	4	97645001	100290000	157.0532889	CHG_TEO_MZ_Hyper_DMR.sweep
4	100588552	100588766	-0.562586	4	100410001	101180000	143.8117678	CHG_TEO_MZ_Hyper_DMR.sweep
4	100721440	100721647	-0.44761	4	100410001	101180000	143.8117678	CHG_TEO_MZ_Hyper_DMR.sweep
4	102597626	102597945	-0.64489	4	102115001	103130000	157.7559549	CHG_TEO_MZ_Hyper_DMR.sweep
4	103107342	103107780	-0.71712	4	102115001	103130000	157.7559549	CHG_TEO_MZ_Hyper_DMR.sweep
4	105494226	105494604	-0.411081	4	105420001	105620000	133.1286173	CHG_TEO_MZ_Hyper_DMR.sweep
4	106058827	106059757	-0.707691	4	105780001	106095000	134.0335398	CHG_TEO_MZ_Hyper_DMR.sweep
4	107860963	107862017	-0.587576	4	107735001	107965000	168.0506948	CHG_TEO_MZ_Hyper_DMR.sweep
4	108158525	108159750	-0.63491	4	108085001	108440000	193.3560114	CHG_TEO_MZ_Hyper_DMR.sweep
4	112920484	112920674	-0.47449	4	112660001	113445000	120.604842	CHG_TEO_MZ_Hyper_DMR.sweep
4	115211396	115211653	-0.644172	4	115205001	115265000	135.6521706	CHG_TEO_MZ_Hyper_DMR.sweep
4	115252761	115253678	-0.60799	4	115205001	115265000	135.6521706	CHG_TEO_MZ_Hyper_DMR.sweep
4	115375210	115375415	-0.59736	4	115360001	116065000	77.02931004	CHG_TEO_MZ_Hyper_DMR.sweep
4	118075790	118076443	-0.544883	4	117600001	118360000	150.425658	CHG_TEO_MZ_Hyper_DMR.sweep
4	119803970	119804279	-0.57819	4	119790001	120435000	94.4493842	CHG_TEO_MZ_Hyper_DMR.sweep
4	120184838	120184989	-0.724905	4	119790001	120435000	94.4493842	CHG_TEO_MZ_Hyper_DMR.sweep
4	123847633	123847839	-0.46266	4	123600001	123970000	118.4319788	CHG_TEO_MZ_Hyper_DMR.sweep
4	148612549	148612965	-0.604135	4	148210001	148615000	117.868925	CHG_TEO_MZ_Hyper_DMR.sweep
4	152452464	152452588	-0.54669	4	152440001	153025000	73.55570357	CHG_TEO_MZ_Hyper_DMR.sweep
4	170372516	170373342	-0.44332	4	170335001	170405000	73.50352783	CHG_TEO_MZ_Hyper_DMR.sweep
4	179766960	179767349	-0.5189	4	179765001	180015000	61.85515187	CHG_TEO_MZ_Hyper_DMR.sweep
4	246820799	246821209	-0.450536	4	246365001	247025000	117.5241496	CHG_TEO_MZ_Hyper_DMR.sweep
5	41564142	41564700	-0.404351	5	41545001	41705000	62.95893874	CHG_TEO_MZ_Hyper_DMR.sweep
5	41568736	41568876	-0.467589	5	41545001	41705000	62.95893874	CHG_TEO_MZ_Hyper_DMR.sweep
5	63872036	63872285	-0.559109	5	63810001	63890000	93.87162673	CHG_TEO_MZ_Hyper_DMR.sweep
5	64088175	64088390	-0.41958	5	64005001	64215000	103.5635816	CHG_TEO_MZ_Hyper_DMR.sweep
5	70718162	70719231	-0.43625	5	70695001	70980000	71.69435487	CHG_TEO_MZ_Hyper_DMR.sweep
5	71950880	71951121	-0.411451	5	71925001	72000000	175.8616571	CHG_TEO_MZ_Hyper_DMR.sweep
5	104902881	104903580	-0.442203	5	104190001	105055000	81.0385394	CHG_TEO_MZ_Hyper_DMR.sweep
5	104903671	104904580	-0.506222	5	104190001	105055000	81.0385394	CHG_TEO_MZ_Hyper_DMR.sweep
5	114167779	114168936	-0.5433037	5	114155001	114810000	167.137598	CHG_TEO_MZ_Hyper_DMR.sweep
5	118166299	118167017	-0.421245	5	118075001	118240000	79.4976224	CHG_TEO_MZ_Hyper_DMR.sweep
5	118851765	118851994	-0.750617	5	118605001	119175000	117.6675007	CHG_TEO_MZ_Hyper_DMR.sweep
5	120487014	120487435	-0.54046	5	120310001	120555000	79.19017514	CHG_TEO_MZ_Hyper_DMR.sweep
5	121146734	121147359	-0.5654749	5	121135001	121335000	113.0180694	CHG_TEO_MZ_Hyper_DMR.sweep
5	127466949	127467215	-0.51689	5	127445001	127565000	60.98508486	CHG_TEO_MZ_Hyper_DMR.sweep
5	127908845	127909309	-0.61857	5	127645001	127920000	108.1056536	CHG_TEO_MZ_Hyper_DMR.sweep
5	129041829	129041976	-0.801651	5	128360001	129495000	97.15392199	CHG_TEO_MZ_Hyper_DMR.sweep
5	130812497	130812963	-0.7753246	5	130770001	130900000	88.80384303	CHG_TEO_MZ_Hyper_DMR.sweep
5	153027148	153027759	-0.45016	5	152730001	153455000	105.3287432	CHG_TEO_MZ_Hyper_DMR.sweep
6	46012674	46012946	-0.464148	6	45790001	46285000	100.3433729	CHG_TEO_MZ_Hyper_DMR.sweep
6	51594704	51595017	-0.43355	6	51290001	52415000	150.7785615	CHG_TEO_MZ_Hyper_DMR.sweep
6	54833456	54833590	-0.40529	6	54275001	55310000	164.5077074	CHG_TEO_MZ_Hyper_DMR.sweep
6	61554763	61554970	-0.71903	6	61535001	61650000	63.0200679	CHG_TEO_MZ_Hyper_DMR.sweep
6	85008797	85009169	-0.4043	6	84760001	85020000	96.84073348	CHG_TEO_MZ_Hyper_DMR.sweep
6	102132896	102133656	-0.47695	6	102110001	102270000	72.46528864	CHG_TEO_MZ_Hyper_DMR.sweep
7	39159376	39160108	-0.686528	7	38975001	39410000	79.59737029	CHG_TEO_MZ_Hyper_DMR.sweep
7	39977347	39977501	-0.43715	7	39495001	40300000	115.2683327	CHG_TEO_MZ_Hyper_DMR.sweep
7	49661073	49661540	-0.692218	7	49550001	51335000	140.9609453	CHG_TEO_MZ_Hyper_DMR.sweep
7	50910233	50910604	-0.50523	7	49550001	51335000	140.9609453	CHG_TEO_MZ_Hyper_DMR.sweep
7	64303679	64304458	-0.45065	7	58790001	68335000	178.9359391	CHG_TEO_MZ_Hyper_DMR.sweep
7	70601819	70602854	-0.53106	7	70385001	70640000	114.5490667	CHG_TEO_MZ_Hyper_DMR.sweep
7	72473863	72474071	-0.677071	7	71775001	73660000	141.1936715	CHG_TEO_MZ_Hyper_DMR.sweep
7	73398789	73399368	-0.429588	7	71775001	73660000	141.1936715	CHG_TEO_MZ_Hyper_DMR.sweep
7	73815121	73815611	-0.40016	7	73815001	74435000	78.61710245	CHG_TEO_MZ_Hyper_DMR.sweep
7	83123024	83123704	-0.48753	7	83025001	83165000	73.42068756	CHG_TEO_MZ_Hyper_DMR.sweep
7	147098216	147098429	-0.56528	7	147045001	147335000	67.36421625	CHG_TEO_MZ_Hyper_DMR.sweep
7	155446426	155446822	-0.49861	7	155345001	155520000	88.26890694	CHG_TEO_MZ_Hyper_DMR.sweep
7	155446823	155447658	-0.640634	7	155345001	155520000	88.26890694	CHG_TEO_MZ_Hyper_DMR.sweep
7	180531748	180532337	-0.549984	7	180490001	180540000	143.1420899	CHG_TEO_MZ_Hyper_DMR.sweep
8	50618547	50618765	-0.45188	8	50530001	50660000	61.6566486	CHG_TEO_MZ_Hyper_DMR.sweep
8	51430894	51432377	-0.43518	8	51395001	51500000	66.72377078	CHG_TEO_MZ_Hyper_DMR.sweep
8	60907664	60907729	-0.40913	8	60775001	61025000	77.86539676	CHG_TEO_MZ_Hyper_DMR.sweep
8	66082522	66082605	-0.7028	8	65905001	66185000	86.33794497	CHG_TEO_MZ_Hyper_DMR.sweep
8	72862656	72863044	-0.6494179	8	72815001	72915000	61.10899969	CHG_TEO_MZ_Hyper_DMR.sweep
8	79170103	79171339	-0.624442	8	79060001	79195000	114.3356536	CHG_TEO_MZ_Hyper_DMR.sweep
8	99997974	99998263	-0.50711	8	99290001	100315000	151.1512483	CHG_TEO_MZ_Hyper_DMR.sweep
8	103516093	103516260	-0.73092	8	103460001	103670000	77.56325737	CHG_TEO_MZ_Hyper_DMR.sweep
8	107191203	107191496	-0.5905215	8	107180001	107255000	69.1038839	CHG_TEO_MZ_Hyper_DMR.sweep
9	50262355	50262945	-0.471706	9	49850001	50355000	200.0287399	CHG_TEO_MZ_Hyper_DMR.sweep
9	54562023	54562544	-0.47705	9	54270001	54830000	85.91098254	CHG_TEO_MZ_Hyper_DMR.sweep
9	54563158	54563765	-0.51384	9	54270001	54830000	85.91098254	CHG_TEO_MZ_Hyper_DMR.sweep
9	55118191	55118607	-0.41151	9	54980001	55145000	87.28500629	CHG_TEO_MZ_Hyper_DMR.sweep
9	55971593	55972877	-0.53878	9	55295001	56625000	96.58124309	CHG_TEO_MZ_Hyper_DMR.sweep
9	56042378	56043524	-0.47621	9	55295001	56625000	96.58124309	CHG_TEO_MZ_Hyper_DMR.sweep
9	60321474	60321568	-0.55365	9	58580001	61495000	127.8064748	CHG_TEO_MZ_Hyper_DMR.sweep
9	60527837	60528612	-0.63212	9	58580001	61495000	127.8064748	CHG_TEO_MZ_Hyper_DMR.sweep
9	60535669	60536003	-0.46445	9	58580001	61495000	127.8064748	CHG_TEO_MZ_Hyper_DMR.sweep
9	60991002	60991216	-0.46667	9	58580001	61495000	127.8064748	CHG_TEO_MZ_Hyper_DMR.sweep
9	60991812	60992125	-0.491045	9	58580001	61495000	127.8064748	CHG_TEO_MZ_Hyper_DMR.sweep
9	61434466	61434640	-0.54511	9	58580001	61495000	127.8064748	CHG_TEO_MZ_Hyper_DMR.sweep
9	67115340	67116093	-0.58097	9	66985001	67635000	109.5602849	CHG_TEO_MZ_Hyper_DMR.sweep
9	78334671	78334983	-0.4179	9	78220001	78345000	88.49594323	CHG_TEO_MZ_Hyper_DMR.sweep
10	121957	122278	-0.44411	10	100001	660000	176.2004588	CHG_TEO_MZ_Hyper_DMR.sweep
10	32605685	32605996	-0.62128	10	32355001	32690000	68.9683227	CHG_TEO_MZ_Hyper_DMR.sweep
10	32642072	32642147	-0.6585	10	32355001	32690000	68.9683227	CHG_TEO_MZ_Hyper_DMR.sweep
10	33621290	33621900	-0.50276	10	32965001	33650000	90.24747479	CHG_TEO_MZ_Hyper_DMR.sweep
10	34047116	34048256	-0.47732	10	33735001	34160000	80.52420162	CHG_TEO_MZ_Hyper_DMR.sweep
10	34063474	34063902	-0.703174	10	33735001	34160000	80.52420162	CHG_TEO_MZ_Hyper_DMR.sweep
10	34064279	34064425	-0.551452	10	33735001	34160000	80.52420162	CHG_TEO_MZ_Hyper_DMR.sweep
10	34083502	34083752	-0.60823	10	33735001	34160000	80.52420162	CHG_TEO_MZ_Hyper_DMR.sweep
10	34101086	34101585	-0.48446	10	33735001	34160000	80.52420162	CHG_TEO_MZ_Hyper_DMR.sweep
10	51234987	51235228	-0.44024	10	51055001	52485000	89.21216747	CHG_TEO_MZ_Hyper_DMR.sweep
10	51318746	51319293	-0.45729	10	51055001	52485000	89.21216747	CHG_TEO_MZ_Hyper_DMR.sweep
10	52321224	52321974	-0.4838735	10	51055001	52485000	89.21216747	CHG_TEO_MZ_Hyper_DMR.sweep
10	53531512	53531835	-0.593489	10	53425001	53795000	77.03474725	CHG_TEO_MZ_Hyper_DMR.sweep
10	53645037	53646115	-0.47194	10	53425001	53795000	77.03474725	CHG_TEO_MZ_Hyper_DMR.sweep
10	58557397	58557860	-0.612039	10	58500001	58610000	71.43778131	CHG_TEO_MZ_Hyper_DMR.sweep
10	82421676	82422304	-0.426562	10	82420001	82520000	66.87328454	CHG_TEO_MZ_Hyper_DMR.sweep
10	94440971	94441232	-0.8403375	10	94315001	94590000	88.68188027	CHG_TEO_MZ_Hyper_DMR.sweep
10	102511420	102511566	-0.43379	10	102295001	102785000	163.1753588	CHG_TEO_MZ_Hyper_DMR.sweep