Context	Comparsion	Chr_D	Start_D	end_D	Chr_F	Start_F	end_F	Feature	Overlap(bp)	POPA-POPB	Gene_ID	Chr	up_5k	Start	End	down_5k	Strand
CG	Teosinte/Maize	1	403764	404173	1	379107	415212	Intergenic	409	-0.683212	NA	NA	NA	NA	NA	NA	NA
CG	Teosinte/Maize	1	1028577	1028804	1	1025351	1030350	Gene_up_5K	227	-0.483075	Zm00001d027266	1	1022058	1027058	1030126	1035126	+
CG	Teosinte/Maize	1	1235250	1235303	1	1234725	1236227	Exon	53	-0.446108	Zm00001d027276	1	1221063	1226063	1236227	1241227	-
CG	Teosinte/Maize	1	1235250	1235303	1	1234725	1236227	Exon	53	-0.446108	Zm00001d027277	1	1226545	1231545	1236335	1241335	-
CG	Teosinte/Maize	1	1259388	1259482	1	1241336	1487438	Intergenic	94	-0.433542	NA	NA	NA	NA	NA	NA	NA
CG	Teosinte/Maize	1	3486420	3486817	1	3484406	3489405	Gene_up_5K	397	-0.428215	Zm00001d027351	1	3477848	3482848	3487232	3492232	+
CG	Teosinte/Maize	1	4404097	4404253	1	4400004	4405003	Gene_down_5K	156	-0.640519	Zm00001d027399	1	4397312	4402312	4404440	4409440	+
CG	Teosinte/Maize	1	4424644	4424880	1	4421060	4426059	Gene_down_5K	236	-0.581788	Zm00001d027401	1	4412538	4417538	4425832	4430832	-
CG	Teosinte/Maize	1	4734958	4735605	1	4735174	4736413	Exon	431	-0.455807	Zm00001d027412	1	4719456	4724456	4736832	4741832	-
CG	Teosinte/Maize	1	5703052	5703244	1	5699273	5704272	Gene_up_5K	192	-0.603508	Zm00001d027458	1	5696680	5701680	5704055	5709055	-
CG	Teosinte/Maize	1	5713627	5713733	1	5712787	5717786	Gene_up_5K	106	-0.449644	NA	NA	NA	NA	NA	NA	NA
CG	Teosinte/Maize	1	8303347	8303453	1	8303006	8303442	Exon	95	-0.406153	Zm00001d027572	1	8297347	8302347	8308349	8313349	+
CG	Teosinte/Maize	1	10492995	10493303	1	10493057	10494523	Intron	246	-0.410751	Zm00001d027665	1	10487323	10492323	10572503	10577503	+
CG	Teosinte/Maize	1	12104450	12104738	1	12104447	12104633	Exon	183	-0.448997	Zm00001d027719	1	12098775	12103775	12105421	12110421	+
CG	Teosinte/Maize	1	14029416	14029910	1	14028184	14030722	Exon	494	-0.547573	Zm00001d027807	1	14007690	14012690	14030730	14035730	-
CG	Teosinte/Maize	1	14073638	14073730	1	14035731	14076195	Intergenic	92	-0.536677	NA	NA	NA	NA	NA	NA	NA
CG	Teosinte/Maize	1	18466667	18467347	1	18462292	18467291	Gene_down_5K	624	-0.427705	NA	NA	NA	NA	NA	NA	NA
CG	Teosinte/Maize	1	23121918	23122033	1	23118720	23122058	Exon	115	-0.476165	Zm00001d028111	1	23113720	23118720	23122921	23127921	-
CG	Teosinte/Maize	1	27256889	27257110	1	27256288	27257810	Exon	221	-0.491478	Zm00001d028225	1	27251288	27256288	27266967	27271967	+
CG	Teosinte/Maize	1	30026379	30026698	1	30024565	30085856	Intergenic	319	-0.459118	NA	NA	NA	NA	NA	NA	NA
CG	Teosinte/Maize	1	34971533	34971743	1	34970270	34975269	Gene_up_5K	210	-0.422175	Zm00001d028438	1	34965608	34970608	34979598	34984598	+
CG	Teosinte/Maize	1	36898441	36898592	1	36897843	36899423	Exon	151	-0.51825	Zm00001d028493	1	36889428	36894428	36899646	36904646	-
CG	Teosinte/Maize	1	49361448	49361974	1	49360708	49362103	Intron	526	-0.422729	Zm00001d028875	1	49350748	49355748	49389986	49394986	-
CG	Teosinte/Maize	1	50010905	50011516	1	50001376	50019921	Intergenic	611	-0.495068	NA	NA	NA	NA	NA	NA	NA
CG	Teosinte/Maize	1	50506189	50506331	1	50506189	50506710	Exon	142	-0.494151	Zm00001d028906	1	50500948	50505948	50506710	50511710	+
CG	Teosinte/Maize	1	50506761	50506904	1	50506711	50511710	Gene_down_5K	143	-0.472562	NA	NA	NA	NA	NA	NA	NA
CG	Teosinte/Maize	1	69844897	69845287	1	69844542	69845321	Intron	390	-0.410624	Zm00001d029422	1	69839292	69844292	69855894	69860894	+
CG	Teosinte/Maize	1	70217453	70217899	1	70213082	70218081	Gene_down_5K	446	-0.579511	Zm00001d029429	1	70206480	70211480	70219160	70224160	+
CG	Teosinte/Maize	1	95965622	95966550	1	95965864	95966802	Exon	686	-0.493939	Zm00001d029946	1	95957495	95962495	95966999	95971999	+
CG	Teosinte/Maize	1	98968472	98968824	1	98968257	98968769	Intron	297	-0.655557	Zm00001d030010	1	98961769	98966769	98969288	98974288	+
CG	Teosinte/Maize	1	106182380	106182580	1	106180425	106186974	Exon	200	-0.666846	Zm00001d030108	1	106175425	106180425	106186974	106191974	+
CG	Teosinte/Maize	1	109471599	109471942	1	109471575	109471977	Exon	343	-0.417346	Zm00001d030159	1	109464384	109469384	109473198	109478198	-
CG	Teosinte/Maize	1	115465055	115465118	1	115461163	115466162	Gene_up_5K	63	-0.667605	NA	NA	NA	NA	NA	NA	NA
CG	Teosinte/Maize	1	118877149	118877465	1	118828597	118879142	Exon	316	-0.44249	Zm00001d030282	1	118823597	118828597	118879142	118884142	-
CG	Teosinte/Maize	1	125808073	125808659	1	125688150	126088182	Intergenic	586	-0.412172	NA	NA	NA	NA	NA	NA	NA
CG	Teosinte/Maize	1	127254313	127255376	1	127232818	127333707	Intergenic	1063	-0.489269	NA	NA	NA	NA	NA	NA	NA
CG	Teosinte/Maize	1	128271743	128272044	1	127972876	128506543	Intergenic	301	-0.502083	NA	NA	NA	NA	NA	NA	NA
CG	Teosinte/Maize	1	129034932	129035163	1	129015407	129139256	Intergenic	231	-0.413283	NA	NA	NA	NA	NA	NA	NA
CG	Teosinte/Maize	1	129304962	129305232	1	129279591	129311517	Intergenic	270	-0.637668	NA	NA	NA	NA	NA	NA	NA
CG	Teosinte/Maize	1	130306823	130307623	1	130199336	130323300	Intergenic	800	-0.604749	NA	NA	NA	NA	NA	NA	NA
CG	Teosinte/Maize	1	130473811	130474398	1	130375496	130574679	Intergenic	587	-0.432129	NA	NA	NA	NA	NA	NA	NA
CG	Teosinte/Maize	1	131051383	131051539	1	130585007	131259266	Intergenic	156	-0.55277	NA	NA	NA	NA	NA	NA	NA
CG	Teosinte/Maize	1	139679170	139679979	1	139658347	139692428	Intergenic	809	-0.433815	NA	NA	NA	NA	NA	NA	NA
CG	Teosinte/Maize	1	140271065	140271322	1	140248658	140359655	Intergenic	257	-0.774463	NA	NA	NA	NA	NA	NA	NA
CG	Teosinte/Maize	1	147358553	147359133	1	147354477	147359476	Gene_down_5K	580	-0.480909	NA	NA	NA	NA	NA	NA	NA
CG	Teosinte/Maize	1	149114621	149114845	1	149028594	149238613	Intergenic	224	-0.615089	NA	NA	NA	NA	NA	NA	NA
CG	Teosinte/Maize	1	164215919	164216311	1	164210411	164360588	Intergenic	392	-0.555599	NA	NA	NA	NA	NA	NA	NA
CG	Teosinte/Maize	1	166625235	166625937	1	166623878	166628877	Gene_down_5K	702	-0.560595	Zm00001d030900	1	166619511	166624511	166627207	166632207	+
CG	Teosinte/Maize	1	175982994	175983352	1	175982528	175983357	Exon	358	-0.522409	Zm00001d031073	1	175975669	175980669	175983357	175988357	-
CG	Teosinte/Maize	1	176782820	176782972	1	176782700	176783527	Exon	152	-0.438136	Zm00001d031091	1	176777700	176782700	176787696	176792696	-
CG	Teosinte/Maize	1	182828637	182828833	1	182827506	182832505	Gene_up_5K	196	-0.478039	NA	NA	NA	NA	NA	NA	NA
CG	Teosinte/Maize	1	183244094	183244529	1	183244085	183249084	Gene_down_5K	435	-0.531705	Zm00001d031239	1	183224237	183229237	183244599	183249599	-
CG	Teosinte/Maize	1	190556939	190557386	1	190556791	190557328	Exon	389	-0.400876	Zm00001d031453	1	190551791	190556791	190558314	190563314	-
CG	Teosinte/Maize	1	193316951	193317128	1	193316763	193318712	Exon	177	-0.413204	Zm00001d031533	1	193311763	193316763	193318712	193323712	+
CG	Teosinte/Maize	1	193699506	193699932	1	193697233	193702232	Gene_down_5K	426	-0.562601	Zm00001d031540	1	193693635	193698635	193701525	193706525	+
CG	Teosinte/Maize	1	195673064	195673342	1	195672618	195673283	Exon	219	-0.482033	Zm00001d031593	1	195667265	195672265	195678558	195683558	+
CG	Teosinte/Maize	1	215322236	215322824	1	215255000	215343086	Intergenic	588	-0.451306	NA	NA	NA	NA	NA	NA	NA
CG	Teosinte/Maize	1	221570226	221570573	1	221569810	221570383	Intron	157	-0.473775	Zm00001d032308	1	221563089	221568089	221571245	221576245	+
CG	Teosinte/Maize	1	221624159	221624311	1	221576246	221625344	Intergenic	152	-0.49921	NA	NA	NA	NA	NA	NA	NA
CG	Teosinte/Maize	1	221759702	221760048	1	221703698	221826551	Intergenic	346	-0.435394	NA	NA	NA	NA	NA	NA	NA
CG	Teosinte/Maize	1	222266748	222267143	1	222266898	222267470	Exon	245	-0.536947	Zm00001d032322	1	222258901	222263901	222267470	222272470	+
CG	Teosinte/Maize	1	223058854	223059514	1	223042624	223120104	Intergenic	660	-0.46885	NA	NA	NA	NA	NA	NA	NA
CG	Teosinte/Maize	1	224255690	224256001	1	224248010	224256236	Intron	311	-0.461956	Zm00001d032373	1	224239775	224244775	224257054	224262054	-
CG	Teosinte/Maize	1	243593035	243593400	1	243537174	243606881	Intergenic	365	-0.536783	NA	NA	NA	NA	NA	NA	NA
CG	Teosinte/Maize	1	246988631	246989240	1	246988429	246989769	Exon	609	-0.436456	Zm00001d033012	1	246983429	246988429	246989769	246994769	+
CG	Teosinte/Maize	1	250956157	250956929	1	250639312	250960876	Intergenic	772	-0.555811	NA	NA	NA	NA	NA	NA	NA
CG	Teosinte/Maize	1	262570959	262571091	1	262566608	262571607	Gene_down_5K	132	-0.419574	Zm00001d033420	1	262564031	262569031	262571498	262576498	+
CG	Teosinte/Maize	1	269309531	269309978	1	269308777	269310072	Exon	447	-0.732918	Zm00001d033632	1	269303497	269308497	269321829	269326829	+
CG	Teosinte/Maize	1	271709765	271710127	1	271705459	271710875	Exon	362	-0.496552	Zm00001d033704	1	271699791	271704791	271710881	271715881	-
CG	Teosinte/Maize	1	272130562	272131352	1	272130665	272131100	Exon	435	-0.748138	Zm00001d033718	1	272125665	272130665	272132998	272137998	-
CG	Teosinte/Maize	1	272678028	272678680	1	272677505	272678600	Exon	572	-0.42068	Zm00001d033745	1	272672505	272677505	272681013	272686013	-
CG	Teosinte/Maize	1	275588742	275589058	1	275588684	275590761	Intron	316	-0.409562	Zm00001d033843	1	275582872	275587872	275609679	275614679	+
CG	Teosinte/Maize	1	275818319	275818741	1	275762103	275834809	Intergenic	422	-0.43486	NA	NA	NA	NA	NA	NA	NA
CG	Teosinte/Maize	1	284753189	284753269	1	284752325	284753825	Exon	80	-0.427669	Zm00001d034133	1	284747325	284752325	284756712	284761712	+
CG	Teosinte/Maize	1	287657346	287657607	1	287657074	287658073	Exon	261	-0.466789	Zm00001d034240	1	287649011	287654011	287658261	287663261	+
CG	Teosinte/Maize	1	291515812	291515961	1	291514616	291516274	Exon	149	-0.550605	Zm00001d034385	1	291505737	291510737	291518900	291523900	-
CG	Teosinte/Maize	1	300926179	300926355	1	300925472	300926636	Exon	176	-0.40003	Zm00001d034730	1	300920472	300925472	300932654	300937654	+
CG	Teosinte/Maize	1	306081823	306082162	1	306079844	306084843	Gene_up_5K	339	-0.415509	Zm00001d034933	1	306074959	306079959	306082079	306087079	+
CG	Teosinte/Maize	2	936506	936873	2	935978	937526	Exon	367	-0.545612	Zm00001d001788	2	930639	935639	948444	953444	+
CG	Teosinte/Maize	2	9304275	9304449	2	9304229	9304612	Exon	174	-0.425334	Zm00001d002275	2	9297717	9302717	9316367	9321367	+
CG	Teosinte/Maize	2	10768947	10769931	2	10767640	10772639	Gene_down_5K	984	-0.464602	Zm00001d002357	2	10763115	10768115	10773054	10778054	-
CG	Teosinte/Maize	2	17745007	17745397	2	17744486	17745468	Exon	390	-0.418616	Zm00001d002641	2	17739486	17744486	17748716	17753716	-
CG	Teosinte/Maize	2	19423196	19423652	2	19420376	19425375	Gene_up_5K	456	-0.561166	Zm00001d002694	2	19416000	19421000	19428059	19433059	+
CG	Teosinte/Maize	2	25252573	25252738	2	25248591	25253590	Gene_down_5K	165	-0.410086	NA	NA	NA	NA	NA	NA	NA
CG	Teosinte/Maize	2	34231852	34232386	2	34136508	34242760	Intergenic	534	-0.711248	NA	NA	NA	NA	NA	NA	NA
CG	Teosinte/Maize	2	36775667	36775995	2	36774809	36779808	Gene_down_5K	328	-0.403646	Zm00001d003224	2	36769907	36774907	36779481	36784481	+
CG	Teosinte/Maize	2	37349171	37349635	2	37328971	37353482	Intergenic	464	-0.420645	NA	NA	NA	NA	NA	NA	NA
CG	Teosinte/Maize	2	53327961	53328200	2	53326667	53328194	Exon	233	-0.423931	Zm00001d003670	2	53317467	53322467	53329733	53334733	-
CG	Teosinte/Maize	2	53963567	53963751	2	53963478	53968477	Gene_down_5K	184	-0.612449	NA	NA	NA	NA	NA	NA	NA
CG	Teosinte/Maize	2	59796618	59796772	2	59796496	59801495	Gene_up_5K	154	-0.677651	NA	NA	NA	NA	NA	NA	NA
CG	Teosinte/Maize	2	65460476	65460559	2	65456148	65461147	Gene_down_5K	83	-0.409326	Zm00001d003889	2	65452795	65457795	65460979	65465979	+
CG	Teosinte/Maize	2	71777281	71777740	2	71776772	71777845	Exon	459	-0.697591	Zm00001d003950	2	71771772	71776772	71780884	71785884	-
CG	Teosinte/Maize	2	75690697	75690860	2	75680409	75738191	Intergenic	163	-0.431329	NA	NA	NA	NA	NA	NA	NA
CG	Teosinte/Maize	2	79868686	79869000	2	79804043	79915329	Intergenic	314	-0.667557	NA	NA	NA	NA	NA	NA	NA
CG	Teosinte/Maize	2	79993970	79994636	2	79992691	79997690	Gene_up_5K	666	-0.447553	NA	NA	NA	NA	NA	NA	NA
CG	Teosinte/Maize	2	92788960	92789905	2	92427634	92819855	Intergenic	945	-0.586888	NA	NA	NA	NA	NA	NA	NA
CG	Teosinte/Maize	2	92908323	92908759	2	92831915	92981059	Intergenic	436	-0.412141	NA	NA	NA	NA	NA	NA	NA
CG	Teosinte/Maize	2	95495020	95496816	2	95495628	95495893	Exon	265	-0.585809	Zm00001d004243	2	95488594	95493594	95497031	95502031	+
CG	Teosinte/Maize	2	95722678	95723031	2	95672133	95781007	Intergenic	353	-0.411877	NA	NA	NA	NA	NA	NA	NA
CG	Teosinte/Maize	2	101250277	101250410	2	101109226	101430298	Intergenic	133	-0.561002	NA	NA	NA	NA	NA	NA	NA
CG	Teosinte/Maize	2	105800260	105800698	2	105755721	105819108	Intergenic	438	-0.404955	NA	NA	NA	NA	NA	NA	NA
CG	Teosinte/Maize	2	106081719	106082435	2	106082038	106082275	Exon	237	-0.420776	Zm00001d004358	2	106076084	106081084	106087544	106092544	-
CG	Teosinte/Maize	2	106737593	106737756	2	106731881	106769657	Intergenic	163	-0.545241	NA	NA	NA	NA	NA	NA	NA
CG	Teosinte/Maize	2	114899759	114900338	2	114841128	114963432	Intergenic	579	-0.48001	NA	NA	NA	NA	NA	NA	NA
CG	Teosinte/Maize	2	123897762	123898145	2	123897505	123902504	Gene_down_5K	383	-0.61583	NA	NA	NA	NA	NA	NA	NA
CG	Teosinte/Maize	2	126102593	126103626	2	125943517	126251186	Intergenic	1033	-0.43155	NA	NA	NA	NA	NA	NA	NA
CG	Teosinte/Maize	2	128183587	128183798	2	128183561	128184478	Exon	211	-0.470345	Zm00001d004667	2	128127374	128132374	128184491	128189491	-
CG	Teosinte/Maize	2	129008800	129009587	2	128657134	129051835	Intergenic	787	-0.424527	NA	NA	NA	NA	NA	NA	NA
CG	Teosinte/Maize	2	129078278	129078553	2	129063406	129300722	Intergenic	275	-0.551461	NA	NA	NA	NA	NA	NA	NA
CG	Teosinte/Maize	2	135047703	135048109	2	135044504	135049503	Gene_down_5K	406	-0.416995	NA	NA	NA	NA	NA	NA	NA
CG	Teosinte/Maize	2	140990096	140990210	2	140987488	141020000	Intergenic	114	-0.440705	NA	NA	NA	NA	NA	NA	NA
CG	Teosinte/Maize	2	158135805	158135921	2	158134866	158135992	Exon	116	-0.442397	Zm00001d005099	2	158129866	158134866	158139401	158144401	+
CG	Teosinte/Maize	2	165940268	165940610	2	165940330	165940562	Intron	232	-0.555154	Zm00001d005253	2	165934745	165939745	165942452	165947452	-
CG	Teosinte/Maize	2	173710823	173711485	2	173711144	173712149	Exon	341	-0.450373	Zm00001d005429	2	173704958	173709958	173717006	173722006	+
CG	Teosinte/Maize	2	196699372	196699640	2	196696634	196701633	Gene_down_5K	268	-0.430706	Zm00001d006057	2	196692374	196697374	196700761	196705761	-
CG	Teosinte/Maize	2	198704105	198704218	2	198703812	198706592	Intron	113	-0.409475	Zm00001d006112	2	198698510	198703510	198708598	198713598	+
CG	Teosinte/Maize	2	200728499	200728988	2	200728594	200728782	Exon	188	-0.417134	Zm00001d006176	2	200721468	200726468	200731634	200736634	-
CG	Teosinte/Maize	2	201769421	201770158	2	201768191	201773190	Gene_up_5K	737	-0.447462	Zm00001d006204	2	201762594	201767594	201770825	201775825	+
CG	Teosinte/Maize	2	203401462	203401966	2	203398246	203403245	Gene_down_5K	504	-0.40496	Zm00001d006274	2	203390420	203395420	203402757	203407757	-
CG	Teosinte/Maize	2	203401462	203401966	2	203398246	203403245	Gene_down_5K	504	-0.40496	Zm00001d006276	2	203396394	203401394	203401852	203406852	+
CG	Teosinte/Maize	2	204165142	204165652	2	204165026	204170286	Intron	510	-0.68941	Zm00001d006307	2	204146697	204151697	204175780	204180780	-
CG	Teosinte/Maize	2	204491596	204491678	2	204491072	204496071	Gene_up_5K	82	-0.639111	NA	NA	NA	NA	NA	NA	NA
CG	Teosinte/Maize	2	216044951	216045285	2	215984002	216045122	Intergenic	171	-0.475145	NA	NA	NA	NA	NA	NA	NA
CG	Teosinte/Maize	2	216116631	216117308	2	216115940	216121521	Exon	677	-0.568488	Zm00001d006759	2	216110940	216115940	216121521	216126521	-
CG	Teosinte/Maize	2	218756093	218756804	2	218752271	218757270	Gene_up_5K	711	-0.401104	NA	NA	NA	NA	NA	NA	NA
CG	Teosinte/Maize	2	222400272	222400422	2	222399684	222400824	Exon	150	-0.575189	Zm00001d007107	2	222388488	222393488	222401395	222406395	-
CG	Teosinte/Maize	2	222400272	222400422	2	222399684	222400824	Exon	150	-0.575189	Zm00001d007108	2	222394684	222399684	222401369	222406369	-
CG	Teosinte/Maize	2	222482220	222482432	2	222482093	222482410	Exon	190	-0.401125	Zm00001d007111	2	222476037	222481037	222485565	222490565	+
CG	Teosinte/Maize	2	222722360	222722426	2	222722267	222722663	Exon	66	-0.49397	Zm00001d007118	2	222714142	222719142	222722663	222727663	+
CG	Teosinte/Maize	2	224487078	224487531	2	224482620	224487619	Gene_up_5K	453	-0.697986	Zm00001d007200	2	224479114	224484114	224490009	224495009	+
CG	Teosinte/Maize	2	225519568	225520299	2	225519590	225519779	Exon	189	-0.452774	Zm00001d007240	2	225514590	225519590	225524863	225529863	+
CG	Teosinte/Maize	2	236781113	236781210	2	236781109	236781271	Exon	97	-0.574034	Zm00001d007639	2	236769748	236774748	236782311	236787311	+
CG	Teosinte/Maize	2	236783462	236783871	2	236782312	236787311	Gene_down_5K	409	-0.649898	Zm00001d007640	2	236777564	236782564	236786989	236791989	-
CG	Teosinte/Maize	2	243876208	243876585	2	243867865	243893781	Intergenic	377	-0.690376	NA	NA	NA	NA	NA	NA	NA
CG	Teosinte/Maize	3	212111	212465	3	197233	224992	Intergenic	354	-0.570949	NA	NA	NA	NA	NA	NA	NA
CG	Teosinte/Maize	3	704087	704251	3	704087	704493	Exon	164	-0.705691	Zm00001d039259	3	696136	701136	705353	710353	-
CG	Teosinte/Maize	3	1955685	1956197	3	1953025	1958024	Gene_up_5K	512	-0.450096	Zm00001d039327	3	1948626	1953626	1957132	1962132	-
CG	Teosinte/Maize	3	12828742	12829102	3	12826925	12831924	Gene_down_5K	360	-0.510887	Zm00001d039714	3	12822313	12827313	12829202	12834202	+
CG	Teosinte/Maize	3	15921018	15921343	3	15919789	15921488	Exon	325	-0.405931	Zm00001d039824	3	15913978	15918978	15922548	15927548	-
CG	Teosinte/Maize	3	18643271	18643716	3	18639645	18644644	Gene_up_5K	445	-0.448279	Zm00001d039900	3	18634696	18639696	18644424	18649424	+
CG	Teosinte/Maize	3	26935651	26935891	3	26935232	26940231	Gene_down_5K	240	-0.421832	NA	NA	NA	NA	NA	NA	NA
CG	Teosinte/Maize	3	53289773	53290210	3	53285136	53290135	Gene_down_5K	362	-0.479932	NA	NA	NA	NA	NA	NA	NA
CG	Teosinte/Maize	3	53347943	53348572	3	53290136	53433351	Intergenic	629	-0.698262	NA	NA	NA	NA	NA	NA	NA
CG	Teosinte/Maize	3	58481523	58481805	3	58481244	58481940	Exon	282	-0.440295	Zm00001d040691	3	58475096	58480096	58484905	58489905	+
CG	Teosinte/Maize	3	69862990	69863422	3	69855300	70085369	Intergenic	432	-0.527516	NA	NA	NA	NA	NA	NA	NA
CG	Teosinte/Maize	3	75328581	75328862	3	74913020	75378381	Intergenic	281	-0.507695	NA	NA	NA	NA	NA	NA	NA
CG	Teosinte/Maize	3	75631580	75631991	3	75480366	75744882	Intergenic	411	-0.591944	NA	NA	NA	NA	NA	NA	NA
CG	Teosinte/Maize	3	75632335	75632723	3	75480366	75744882	Intergenic	388	-0.603765	NA	NA	NA	NA	NA	NA	NA
CG	Teosinte/Maize	3	76711011	76711560	3	76697598	77266431	Intergenic	549	-0.534844	NA	NA	NA	NA	NA	NA	NA
CG	Teosinte/Maize	3	76734700	76735363	3	76697598	77266431	Intergenic	663	-0.537505	NA	NA	NA	NA	NA	NA	NA
CG	Teosinte/Maize	3	76916696	76916795	3	76697598	77266431	Intergenic	99	-0.554379	NA	NA	NA	NA	NA	NA	NA
CG	Teosinte/Maize	3	77271829	77271933	3	77271432	77272559	Exon	104	-0.533703	Zm00001d040898	3	77266432	77271432	77272559	77277559	+
CG	Teosinte/Maize	3	78627475	78627604	3	78593345	78712132	Intergenic	129	-0.41316	NA	NA	NA	NA	NA	NA	NA
CG	Teosinte/Maize	3	80349013	80349288	3	80110867	80400319	Intergenic	275	-0.403036	NA	NA	NA	NA	NA	NA	NA
CG	Teosinte/Maize	3	82233499	82234432	3	81735380	82332238	Intergenic	933	-0.63487	NA	NA	NA	NA	NA	NA	NA
CG	Teosinte/Maize	3	83499044	83499186	3	83498516	83503515	Gene_up_5K	142	-0.456477	NA	NA	NA	NA	NA	NA	NA
CG	Teosinte/Maize	3	84870251	84871323	3	84011526	85287410	Intergenic	1072	-0.467839	NA	NA	NA	NA	NA	NA	NA
CG	Teosinte/Maize	3	92022608	92023211	3	91727459	92026732	Intergenic	603	-0.401243	NA	NA	NA	NA	NA	NA	NA
CG	Teosinte/Maize	3	92490586	92491326	3	92484008	92625178	Intergenic	740	-0.50588	NA	NA	NA	NA	NA	NA	NA
CG	Teosinte/Maize	3	96546612	96546772	3	96437933	96597268	Intergenic	160	-0.570372	NA	NA	NA	NA	NA	NA	NA
CG	Teosinte/Maize	3	103862016	103862361	3	103862042	103862229	Exon	187	-0.426011	Zm00001d041186	3	103853898	103858898	103868467	103873467	+
CG	Teosinte/Maize	3	116500208	116500908	3	116337436	116652803	Intergenic	700	-0.432106	NA	NA	NA	NA	NA	NA	NA
CG	Teosinte/Maize	3	122404101	122404358	3	122402305	122407304	Gene_up_5K	257	-0.498027	Zm00001d041475	3	122398732	122403732	122410495	122415495	+
CG	Teosinte/Maize	3	125738906	125740129	3	125716227	125838355	Intergenic	1223	-0.482578	NA	NA	NA	NA	NA	NA	NA
CG	Teosinte/Maize	3	125837190	125837554	3	125716227	125838355	Intergenic	364	-0.476003	NA	NA	NA	NA	NA	NA	NA
CG	Teosinte/Maize	3	138824673	138825183	3	138824159	138825506	Exon	510	-0.472186	Zm00001d041803	3	138818691	138823691	138831392	138836392	+
CG	Teosinte/Maize	3	140026851	140027002	3	140025931	140027047	Exon	151	-0.464646	Zm00001d041839	3	140018603	140023603	140029825	140034825	+
CG	Teosinte/Maize	3	141721982	141722094	3	141718189	141723188	Gene_down_5K	112	-0.403758	NA	NA	NA	NA	NA	NA	NA
CG	Teosinte/Maize	3	142233220	142233439	3	142233301	142233800	Exon	138	-0.505626	Zm00001d041882	3	142225896	142230896	142233815	142238815	+
CG	Teosinte/Maize	3	149531849	149532257	3	149531855	149532094	Exon	239	-0.43933	Zm00001d042066	3	149516452	149521452	149548954	149553954	-
CG	Teosinte/Maize	3	152448104	152448634	3	152447566	152448711	Exon	530	-0.4397	Zm00001d042131	3	152436251	152441251	152450630	152455630	+
CG	Teosinte/Maize	3	155995124	155996350	3	155992813	155997812	Gene_up_5K	1226	-0.493317	NA	NA	NA	NA	NA	NA	NA
CG	Teosinte/Maize	3	158448337	158448484	3	158447665	158452664	Gene_up_5K	147	-0.641602	NA	NA	NA	NA	NA	NA	NA
CG	Teosinte/Maize	3	159223933	159224463	3	159221492	159301244	Intergenic	530	-0.461456	NA	NA	NA	NA	NA	NA	NA
CG	Teosinte/Maize	3	160586866	160587375	3	160586489	160591488	Gene_down_5K	509	-0.422128	NA	NA	NA	NA	NA	NA	NA
CG	Teosinte/Maize	3	172077173	172077375	3	171989756	172122088	Intergenic	202	-0.543318	NA	NA	NA	NA	NA	NA	NA
CG	Teosinte/Maize	3	183995218	183995583	3	183994758	183996320	Exon	365	-0.438847	Zm00001d042921	3	183989758	183994758	183996320	184001320	+
CG	Teosinte/Maize	3	188445361	188445861	3	188444489	188449488	Gene_down_5K	500	-0.424255	Zm00001d043076	3	188439921	188444921	188448749	188453749	-
CG	Teosinte/Maize	3	189791448	189791654	3	189791472	189791606	Exon	134	-0.698768	Zm00001d043126	3	189777876	189782876	189792492	189797492	-
CG	Teosinte/Maize	3	191370592	191370720	3	191362657	191409935	Intergenic	128	-0.687227	NA	NA	NA	NA	NA	NA	NA
CG	Teosinte/Maize	3	197034315	197034443	3	197034282	197034669	Exon	128	-0.580608	Zm00001d043341	3	197027557	197032557	197034669	197039669	-
CG	Teosinte/Maize	3	202392199	202392317	3	202391755	202396754	Gene_down_5K	118	-0.504051	Zm00001d043514	3	202386370	202391370	202392323	202397323	+
CG	Teosinte/Maize	3	209228804	209229061	3	209228590	209229342	Exon	257	-0.755003	Zm00001d043762	3	209223407	209228407	209235345	209240345	-
CG	Teosinte/Maize	3	209229448	209230122	3	209229844	209230110	Exon	266	-0.730976	Zm00001d043762	3	209223407	209228407	209235345	209240345	-
CG	Teosinte/Maize	3	209230525	209232219	3	209230507	209231155	Exon	630	-0.637604	Zm00001d043762	3	209223407	209228407	209235345	209240345	-
CG	Teosinte/Maize	3	213755030	213755414	3	213742292	213756288	Exon	384	-0.410676	Zm00001d043915	3	213737292	213742292	213756288	213761288	-
CG	Teosinte/Maize	3	216875639	216876028	3	216875107	216876178	Exon	389	-0.431904	Zm00001d044019	3	216869858	216874858	216881572	216886572	+
CG	Teosinte/Maize	3	228663889	228664037	3	228659058	228664057	Gene_down_5K	148	-0.438519	NA	NA	NA	NA	NA	NA	NA
CG	Teosinte/Maize	4	8234411	8234921	4	8234499	8239498	Gene_down_5K	422	-0.543502	NA	NA	NA	NA	NA	NA	NA
CG	Teosinte/Maize	4	9355011	9355413	4	8547902	9613916	Intergenic	402	-0.812998	NA	NA	NA	NA	NA	NA	NA
CG	Teosinte/Maize	4	9974976	9975737	4	9757307	10041856	Intergenic	761	-0.646496	NA	NA	NA	NA	NA	NA	NA
CG	Teosinte/Maize	4	31912314	31912975	4	31746601	31967820	Intergenic	661	-0.564846	NA	NA	NA	NA	NA	NA	NA
CG	Teosinte/Maize	4	36832696	36832818	4	36832641	36832954	Exon	122	-0.481288	Zm00001d049597	4	36825553	36830553	36836546	36841546	+
CG	Teosinte/Maize	4	38570933	38571367	4	38570664	38571937	Exon	434	-0.448375	Zm00001d049642	4	38565097	38570097	38574015	38579015	+
CG	Teosinte/Maize	4	41054692	41055794	4	41051501	41056500	Gene_up_5K	1102	-0.441145	Zm00001d049709	4	41043979	41048979	41056104	41061104	+
CG	Teosinte/Maize	4	43648504	43648894	4	43648622	43649031	Exon	272	-0.479325	Zm00001d049763	4	43639618	43644618	43649031	43654031	-
CG	Teosinte/Maize	4	45737883	45738111	4	45673448	45767418	Intergenic	228	-0.701531	NA	NA	NA	NA	NA	NA	NA
CG	Teosinte/Maize	4	46663957	46663998	4	46658743	46700235	Intergenic	41	-0.514811	NA	NA	NA	NA	NA	NA	NA
CG	Teosinte/Maize	4	46988995	46989591	4	46988136	46989563	Exon	568	-0.424211	Zm00001d049832	4	46983136	46988136	47003528	47008528	+
CG	Teosinte/Maize	4	48623894	48624327	4	48431585	48652711	Intergenic	433	-0.44878	NA	NA	NA	NA	NA	NA	NA
CG	Teosinte/Maize	4	48624684	48625341	4	48431585	48652711	Intergenic	657	-0.571373	NA	NA	NA	NA	NA	NA	NA
CG	Teosinte/Maize	4	53867466	53868473	4	53780291	53884725	Intergenic	1007	-0.46058	NA	NA	NA	NA	NA	NA	NA
CG	Teosinte/Maize	4	54179378	54179910	4	54081900	54192877	Intergenic	532	-0.479465	NA	NA	NA	NA	NA	NA	NA
CG	Teosinte/Maize	4	54281271	54281848	4	54279836	54281606	Exon	335	-0.422263	Zm00001d049940	4	54274508	54279508	54282162	54287162	+
CG	Teosinte/Maize	4	57029933	57030869	4	56975349	57076534	Intergenic	936	-0.566572	NA	NA	NA	NA	NA	NA	NA
CG	Teosinte/Maize	4	61480265	61480697	4	61400298	61493692	Intergenic	432	-0.458364	NA	NA	NA	NA	NA	NA	NA
CG	Teosinte/Maize	4	61547098	61547202	4	61526905	61548230	Intergenic	104	-0.53217	NA	NA	NA	NA	NA	NA	NA
CG	Teosinte/Maize	4	61547664	61548128	4	61526905	61548230	Intergenic	464	-0.483799	NA	NA	NA	NA	NA	NA	NA
CG	Teosinte/Maize	4	65079757	65080014	4	65078952	65080036	Exon	257	-0.51286	Zm00001d050089	4	65073952	65078952	65090738	65095738	+
CG	Teosinte/Maize	4	66677407	66678272	4	66656392	66958137	Intergenic	865	-0.566778	NA	NA	NA	NA	NA	NA	NA
CG	Teosinte/Maize	4	68966410	68966554	4	68757442	69038208	Intergenic	144	-0.501057	NA	NA	NA	NA	NA	NA	NA
CG	Teosinte/Maize	4	89042598	89043663	4	89039284	89044283	Gene_down_5K	1065	-0.412263	NA	NA	NA	NA	NA	NA	NA
CG	Teosinte/Maize	4	90608031	90608387	4	90604494	90609493	Gene_up_5K	356	-0.571714	NA	NA	NA	NA	NA	NA	NA
CG	Teosinte/Maize	4	91937483	91937720	4	91852185	91984765	Intergenic	237	-0.569883	NA	NA	NA	NA	NA	NA	NA
CG	Teosinte/Maize	4	91984276	91984995	4	91852185	91984765	Intergenic	489	-0.580954	NA	NA	NA	NA	NA	NA	NA
CG	Teosinte/Maize	4	91988853	91989605	4	91984766	91989765	Gene_up_5K	752	-0.703525	NA	NA	NA	NA	NA	NA	NA
CG	Teosinte/Maize	4	97250855	97251764	4	97114427	97286393	Intergenic	909	-0.491561	NA	NA	NA	NA	NA	NA	NA
CG	Teosinte/Maize	4	98668810	98669836	4	98042797	98811260	Intergenic	1026	-0.677577	NA	NA	NA	NA	NA	NA	NA
CG	Teosinte/Maize	4	99944079	99944598	4	99767467	100405422	Intergenic	519	-0.541568	NA	NA	NA	NA	NA	NA	NA
CG	Teosinte/Maize	4	99946040	99946180	4	99767467	100405422	Intergenic	140	-0.65966	NA	NA	NA	NA	NA	NA	NA
CG	Teosinte/Maize	4	101019461	101019626	4	101014582	101019581	Gene_up_5K	120	-0.645454	Zm00001d050563	4	101014582	101019582	101020389	101025389	+
CG	Teosinte/Maize	4	101167779	101168118	4	101167830	101169764	Exon	288	-0.485848	Zm00001d050565	4	101162830	101167830	101169764	101174764	+
CG	Teosinte/Maize	4	102249929	102250497	4	102249544	102251559	Intron	568	-0.68696	Zm00001d050580	4	102237515	102242515	102251909	102256909	-
CG	Teosinte/Maize	4	102597623	102597811	4	102597020	102598804	Exon	188	-0.596382	Zm00001d050585	4	102592020	102597020	102598804	102603804	+
CG	Teosinte/Maize	4	102966362	102966624	4	102963825	102968824	Gene_up_5K	262	-0.541559	NA	NA	NA	NA	NA	NA	NA
CG	Teosinte/Maize	4	103106883	103107914	4	102968825	103189373	Intergenic	1031	-0.683985	NA	NA	NA	NA	NA	NA	NA
CG	Teosinte/Maize	4	106058879	106059620	4	105841146	106710914	Intergenic	741	-0.806289	NA	NA	NA	NA	NA	NA	NA
CG	Teosinte/Maize	4	107860884	107861095	4	107857361	107862360	Gene_up_5K	211	-0.70866	Zm00001d050635	4	107855850	107860850	107861365	107866365	+
CG	Teosinte/Maize	4	107861438	107861986	4	107857361	107862360	Gene_up_5K	548	-0.691494	NA	NA	NA	NA	NA	NA	NA
CG	Teosinte/Maize	4	108158698	108159691	4	107955927	108467470	Intergenic	993	-0.707617	NA	NA	NA	NA	NA	NA	NA
CG	Teosinte/Maize	4	111708780	111708975	4	110792580	112069058	Intergenic	195	-0.422751	NA	NA	NA	NA	NA	NA	NA
CG	Teosinte/Maize	4	112109512	112110817	4	112080576	112400475	Intergenic	1305	-0.437916	NA	NA	NA	NA	NA	NA	NA
CG	Teosinte/Maize	4	112920447	112920711	4	112902196	112994830	Intergenic	264	-0.510203	NA	NA	NA	NA	NA	NA	NA
CG	Teosinte/Maize	4	114461904	114462008	4	114208125	114690905	Intergenic	104	-0.533557	NA	NA	NA	NA	NA	NA	NA
CG	Teosinte/Maize	4	115249927	115250238	4	115234758	115254035	Intergenic	311	-0.543732	NA	NA	NA	NA	NA	NA	NA
CG	Teosinte/Maize	4	115252777	115253679	4	115234758	115254035	Intergenic	902	-0.73387	NA	NA	NA	NA	NA	NA	NA
CG	Teosinte/Maize	4	118698798	118699247	4	118691771	118806902	Intergenic	449	-0.521618	NA	NA	NA	NA	NA	NA	NA
CG	Teosinte/Maize	4	127378908	127379663	4	127378539	127379909	Exon	755	-0.466498	Zm00001d050862	4	127373539	127378539	127379909	127384909	+
CG	Teosinte/Maize	4	132435759	132436252	4	132376205	132559131	Intergenic	493	-0.467774	NA	NA	NA	NA	NA	NA	NA
CG	Teosinte/Maize	4	134879297	134879489	4	134824669	134982116	Intergenic	192	-0.486738	NA	NA	NA	NA	NA	NA	NA
CG	Teosinte/Maize	4	138472396	138473491	4	138472340	138473695	Exon	1095	-0.536816	Zm00001d051044	4	138467340	138472340	138473695	138478695	-
CG	Teosinte/Maize	4	149905738	149906299	4	149904706	149906368	Exon	561	-0.522486	Zm00001d051241	4	149899706	149904706	149910230	149915230	+
CG	Teosinte/Maize	4	156769793	156770158	4	156767880	156770006	Exon	213	-0.598891	Zm00001d051387	4	156762880	156767880	156770006	156775006	+
CG	Teosinte/Maize	4	156989589	156989716	4	156986112	156991111	Gene_up_5K	127	-0.767269	NA	NA	NA	NA	NA	NA	NA
CG	Teosinte/Maize	4	160310959	160311119	4	160308785	160315339	Intergenic	160	-0.670124	NA	NA	NA	NA	NA	NA	NA
CG	Teosinte/Maize	4	172708719	172709066	4	172708058	172711327	Exon	347	-0.484282	Zm00001d051864	4	172703058	172708058	172720334	172725334	+
CG	Teosinte/Maize	4	174313988	174314295	4	174310635	174315634	Gene_down_5K	307	-0.401169	Zm00001d051906	4	174308233	174313233	174318928	174323928	+
CG	Teosinte/Maize	4	174318298	174318706	4	174314008	174319007	Gene_down_5K	408	-0.415139	Zm00001d051906	4	174308233	174313233	174318928	174323928	+
CG	Teosinte/Maize	4	174430726	174431162	4	174429847	174434846	Gene_down_5K	436	-0.417319	Zm00001d051912	4	174425425	174430425	174434646	174439646	-
CG	Teosinte/Maize	4	175156481	175156846	4	175156493	175156889	Exon	353	-0.472491	Zm00001d051951	4	175142743	175147743	175157252	175162252	+
CG	Teosinte/Maize	4	176252460	176252724	4	176251743	176255084	Intron	264	-0.442399	Zm00001d052001	4	176240559	176245559	176257814	176262814	+
CG	Teosinte/Maize	4	177965771	177965876	4	177965070	177970069	Gene_up_5K	105	-0.453321	Zm00001d052057	4	177957645	177962645	177966994	177971994	-
CG	Teosinte/Maize	4	188819753	188820006	4	188819768	188820010	Exon	238	-0.605032	Zm00001d052384	4	188814768	188819768	188824015	188829015	+
CG	Teosinte/Maize	4	201292212	201292353	4	201291413	201297709	Intron	141	-0.473676	Zm00001d052797	4	201285250	201290250	201299726	201304726	-
CG	Teosinte/Maize	4	202438790	202439247	4	202430132	202439991	Exon	457	-0.474439	Zm00001d052845	4	202425132	202430132	202439991	202444991	+
CG	Teosinte/Maize	4	207007246	207007437	4	206928446	207023260	Intergenic	191	-0.638197	NA	NA	NA	NA	NA	NA	NA
CG	Teosinte/Maize	4	207030390	207031225	4	207028730	207030871	Intron	481	-0.586106	Zm00001d052978	4	207023261	207028261	207031432	207036432	+
CG	Teosinte/Maize	4	207920540	207921131	4	207905668	207929332	Exon	591	-0.405598	Zm00001d052992	4	207900668	207905668	207929332	207934332	-
CG	Teosinte/Maize	4	209033479	209033689	4	208911295	209048062	Intergenic	210	-0.430228	NA	NA	NA	NA	NA	NA	NA
CG	Teosinte/Maize	4	211993523	211994271	4	211993521	211993752	Exon	229	-0.478089	Zm00001d053067	4	211985615	211990615	211995460	212000460	+
CG	Teosinte/Maize	4	222748859	222749004	4	222747167	222752166	Gene_down_5K	145	-0.602001	NA	NA	NA	NA	NA	NA	NA
CG	Teosinte/Maize	4	222788755	222789394	4	222762021	222855693	Intergenic	639	-0.50934	NA	NA	NA	NA	NA	NA	NA
CG	Teosinte/Maize	4	227081027	227081568	4	227080656	227081827	Exon	541	-0.412116	Zm00001d053348	4	227073338	227078338	227081827	227086827	+
CG	Teosinte/Maize	4	227787726	227787905	4	227771290	227807358	Intergenic	179	-0.434863	NA	NA	NA	NA	NA	NA	NA
CG	Teosinte/Maize	4	228049901	228049971	4	227989198	228093293	Intergenic	70	-0.521173	NA	NA	NA	NA	NA	NA	NA
CG	Teosinte/Maize	4	230684785	230685385	4	230683439	230688438	Gene_down_5K	600	-0.435454	NA	NA	NA	NA	NA	NA	NA
CG	Teosinte/Maize	4	242516407	242516744	4	242516248	242517814	Intron	337	-0.411197	Zm00001d053861	4	242507382	242512382	242522531	242527531	+
CG	Teosinte/Maize	4	242516407	242516744	4	242516248	242517814	Intron	337	-0.411197	Zm00001d053862	4	242507732	242512732	242523643	242528643	-
CG	Teosinte/Maize	4	242953895	242953975	4	242952751	242957750	Gene_up_5K	80	-0.423781	Zm00001d053883	4	242948208	242953208	242954479	242959479	+
CG	Teosinte/Maize	4	243756277	243756657	4	243755733	243757389	Intron	380	-0.48591	Zm00001d053930	4	243749727	243754727	243759497	243764497	+
CG	Teosinte/Maize	4	244586780	244587051	4	244585738	244590737	Gene_up_5K	271	-0.403118	Zm00001d053984	4	244580903	244585903	244597338	244602338	+
CG	Teosinte/Maize	4	246272454	246272643	4	246271622	246273067	Exon	189	-0.502099	Zm00001d054088	4	246266622	246271622	246276744	246281744	+
CG	Teosinte/Maize	5	689088	689240	5	688582	689600	Intron	152	-0.578035	Zm00001d012811	5	683154	688154	696271	701271	+
CG	Teosinte/Maize	5	2557342	2557524	5	2557238	2558207	Exon	182	-0.45319	Zm00001d012970	5	2549674	2554674	2558207	2563207	+
CG	Teosinte/Maize	5	3953289	3953366	5	3950429	3955428	Gene_up_5K	77	-0.414414	Zm00001d013058	5	3947446	3952446	3967070	3972070	-
CG	Teosinte/Maize	5	4869927	4870067	5	4865603	4870602	Gene_up_5K	140	-0.617196	NA	NA	NA	NA	NA	NA	NA
CG	Teosinte/Maize	5	5376038	5376161	5	5375679	5380678	Gene_up_5K	123	-0.418703	Zm00001d013141	5	5368242	5373242	5376614	5381614	+
CG	Teosinte/Maize	5	7377179	7377494	5	7377290	7377516	Exon	204	-0.419359	Zm00001d013262	5	7367367	7372367	7382139	7387139	-
CG	Teosinte/Maize	5	11682830	11683139	5	11681565	11709145	Exon	309	-0.479791	Zm00001d013442	5	11676565	11681565	11709145	11714145	+
CG	Teosinte/Maize	5	11751811	11752121	5	11748491	11753490	Gene_up_5K	310	-0.581862	Zm00001d013445	5	11745201	11750201	11752331	11757331	+
CG	Teosinte/Maize	5	19739790	19740166	5	19739948	19740878	Exon	218	-0.519579	Zm00001d013768	5	19728215	19733215	19740908	19745908	-
CG	Teosinte/Maize	5	24004909	24004974	5	24004879	24005084	Exon	65	-0.53935	Zm00001d013891	5	23987511	23992511	24008741	24013741	+
CG	Teosinte/Maize	5	28635926	28636155	5	28635513	28639189	Exon	229	-0.430519	Zm00001d014013	5	28629910	28634910	28639671	28644671	-
CG	Teosinte/Maize	5	28986415	28987002	5	28983658	28988657	Gene_down_5K	587	-0.426349	NA	NA	NA	NA	NA	NA	NA
CG	Teosinte/Maize	5	29992878	29993368	5	29992990	29993154	Exon	164	-0.509029	Zm00001d014036	5	29983171	29988171	29994693	29999693	-
CG	Teosinte/Maize	5	30231374	30232063	5	30230017	30232086	Exon	689	-0.400027	Zm00001d014038	5	30225017	30230017	30235454	30240454	-
CG	Teosinte/Maize	5	36522677	36522996	5	36522150	36523481	Exon	319	-0.508806	Zm00001d014203	5	36517150	36522150	36523481	36528481	+
CG	Teosinte/Maize	5	40645979	40646180	5	40643281	40648280	Gene_down_5K	201	-0.482011	Zm00001d014316	5	40639981	40644981	40646957	40651957	-
CG	Teosinte/Maize	5	54058001	54058172	5	54053740	54058739	Gene_down_5K	171	-0.580397	NA	NA	NA	NA	NA	NA	NA
CG	Teosinte/Maize	5	61554588	61554750	5	61552963	61557962	Gene_up_5K	162	-0.499653	Zm00001d014753	5	61541176	61546176	61556400	61561400	+
CG	Teosinte/Maize	5	62948945	62949219	5	62948561	62949431	Exon	274	-0.46397	Zm00001d014783	5	62943202	62948202	62951476	62956476	+
CG	Teosinte/Maize	5	63149682	63150399	5	63149894	63150479	Exon	505	-0.781193	Zm00001d014788	5	63144894	63149894	63153861	63158861	-
CG	Teosinte/Maize	5	65054279	65054443	5	65053244	65058243	Gene_up_5K	164	-0.68277	NA	NA	NA	NA	NA	NA	NA
CG	Teosinte/Maize	5	65186726	65186897	5	65186717	65186833	Exon	107	-0.494065	Zm00001d014844	5	65181102	65186102	65197475	65202475	-
CG	Teosinte/Maize	5	66849244	66849597	5	66847316	66850188	Intron	353	-0.497659	Zm00001d014880	5	66838996	66843996	66850437	66855437	-
CG	Teosinte/Maize	5	67004264	67004519	5	67000734	67005733	Gene_down_5K	255	-0.461257	NA	NA	NA	NA	NA	NA	NA
CG	Teosinte/Maize	5	68510092	68510347	5	68491496	68740479	Intergenic	255	-0.531226	NA	NA	NA	NA	NA	NA	NA
CG	Teosinte/Maize	5	69319589	69319755	5	69318796	69321009	Exon	166	-0.451891	Zm00001d014943	5	69313796	69318796	69326197	69331197	+
CG	Teosinte/Maize	5	71064460	71064721	5	71064471	71064561	Intron	90	-0.431577	Zm00001d014983	5	71058270	71063270	71067861	71072861	-
CG	Teosinte/Maize	5	76226644	76226896	5	76226608	76226781	Exon	137	-0.691072	Zm00001d015115	5	76215204	76220204	76227831	76232831	-
CG	Teosinte/Maize	5	83446838	83447688	5	83444319	83449318	Gene_up_5K	850	-0.428439	NA	NA	NA	NA	NA	NA	NA
CG	Teosinte/Maize	5	85737615	85737976	5	85736662	85741661	Gene_up_5K	361	-0.598798	Zm00001d015348	5	85731319	85736319	85739753	85744753	+
CG	Teosinte/Maize	5	89090975	89091187	5	89090290	89091195	Exon	212	-0.488692	Zm00001d015412	5	89085290	89090290	89091195	89096195	+
CG	Teosinte/Maize	5	97094667	97094784	5	97062755	97178569	Intergenic	117	-0.473922	NA	NA	NA	NA	NA	NA	NA
CG	Teosinte/Maize	5	98834807	98835022	5	98834795	98835378	Exon	215	-0.437404	Zm00001d015570	5	98823050	98828050	98835540	98840540	+
CG	Teosinte/Maize	5	101867124	101868150	5	101852265	101909580	Intergenic	1026	-0.412894	NA	NA	NA	NA	NA	NA	NA
CG	Teosinte/Maize	5	102911817	102912317	5	102589182	102951748	Intergenic	500	-0.449167	NA	NA	NA	NA	NA	NA	NA
CG	Teosinte/Maize	5	103969592	103969855	5	103860289	104064944	Intergenic	263	-0.635165	NA	NA	NA	NA	NA	NA	NA
CG	Teosinte/Maize	5	104176053	104176491	5	104172720	104204487	Intergenic	438	-0.516611	NA	NA	NA	NA	NA	NA	NA
CG	Teosinte/Maize	5	107118518	107119037	5	107114805	107119804	Gene_down_5K	519	-0.401575	NA	NA	NA	NA	NA	NA	NA
CG	Teosinte/Maize	5	114167755	114168929	5	114167251	114172250	Gene_up_5K	1174	-0.709855	NA	NA	NA	NA	NA	NA	NA
CG	Teosinte/Maize	5	115090733	115091038	5	114793113	115202559	Intergenic	305	-0.400368	NA	NA	NA	NA	NA	NA	NA
CG	Teosinte/Maize	5	115177914	115178411	5	114793113	115202559	Intergenic	497	-0.409585	NA	NA	NA	NA	NA	NA	NA
CG	Teosinte/Maize	5	120487096	120487322	5	120458853	120511297	Intergenic	226	-0.733125	NA	NA	NA	NA	NA	NA	NA
CG	Teosinte/Maize	5	120488043	120488171	5	120458853	120511297	Intergenic	128	-0.561616	NA	NA	NA	NA	NA	NA	NA
CG	Teosinte/Maize	5	121146897	121147321	5	121146585	121151584	Gene_down_5K	424	-0.726034	NA	NA	NA	NA	NA	NA	NA
CG	Teosinte/Maize	5	121282685	121283060	5	121277058	121326567	Intergenic	375	-0.41136	NA	NA	NA	NA	NA	NA	NA
CG	Teosinte/Maize	5	121433471	121433932	5	121343700	121506490	Intergenic	461	-0.558663	NA	NA	NA	NA	NA	NA	NA
CG	Teosinte/Maize	5	123664992	123665267	5	123633678	123884596	Intergenic	275	-0.419777	NA	NA	NA	NA	NA	NA	NA
CG	Teosinte/Maize	5	123670047	123670696	5	123633678	123884596	Intergenic	649	-0.587147	NA	NA	NA	NA	NA	NA	NA
CG	Teosinte/Maize	5	126397369	126397658	5	126381085	126416596	Intergenic	289	-0.430977	NA	NA	NA	NA	NA	NA	NA
CG	Teosinte/Maize	5	127466578	127466919	5	127463462	127468461	Gene_up_5K	341	-0.409397	Zm00001d015872	5	127461210	127466210	127466782	127471782	-
CG	Teosinte/Maize	5	127909218	127909640	5	127783830	128096819	Intergenic	422	-0.553257	NA	NA	NA	NA	NA	NA	NA
CG	Teosinte/Maize	5	128733514	128733682	5	128733433	128735702	Exon	168	-0.552773	Zm00001d015884	5	128728433	128733433	128735702	128740702	-
CG	Teosinte/Maize	5	129692216	129692497	5	129691571	129695002	Exon	281	-0.432197	Zm00001d015893	5	129686571	129691571	129697192	129702192	+
CG	Teosinte/Maize	5	130812544	130813056	5	130794865	130942370	Intergenic	512	-0.762818	NA	NA	NA	NA	NA	NA	NA
CG	Teosinte/Maize	5	131468936	131469151	5	131464616	131469615	Gene_down_5K	215	-0.539463	NA	NA	NA	NA	NA	NA	NA
CG	Teosinte/Maize	5	150350268	150350401	5	150347205	150352204	Gene_down_5K	133	-0.452702	NA	NA	NA	NA	NA	NA	NA
CG	Teosinte/Maize	5	151196562	151197721	5	151147707	151205416	Intergenic	1159	-0.438336	NA	NA	NA	NA	NA	NA	NA
CG	Teosinte/Maize	5	153027136	153027705	5	153027334	153032333	Gene_down_5K	371	-0.513762	Zm00001d001662	5	153021870	153026870	153027333	153032333	+
CG	Teosinte/Maize	5	155420692	155420992	5	155417718	155422717	Gene_down_5K	300	-0.417047	Zm00001d016277	5	155412891	155417891	155421796	155426796	+
CG	Teosinte/Maize	5	161327522	161327760	5	161325898	161330897	Gene_up_5K	238	-0.455558	Zm00001d016411	5	161322143	161327143	161330435	161335435	-
CG	Teosinte/Maize	5	165948951	165949594	5	165949035	165950570	Exon	559	-0.462603	Zm00001d016520	5	165939432	165944432	165950570	165955570	+
CG	Teosinte/Maize	5	169534779	169535056	5	169534874	169534979	Intron	105	-0.467434	Zm00001d016601	5	169528606	169533606	169538843	169543843	-
CG	Teosinte/Maize	5	172501735	172501956	5	172501486	172502922	Exon	221	-0.431124	Zm00001d016687	5	172496486	172501486	172502922	172507922	-
CG	Teosinte/Maize	5	180067463	180067869	5	180064087	180069086	Gene_up_5K	406	-0.614912	Zm00001d016922	5	180061187	180066187	180076054	180081054	-
CG	Teosinte/Maize	5	185200600	185200821	5	185199585	185201232	Exon	221	-0.444924	Zm00001d017092	5	185194585	185199585	185201232	185206232	+
CG	Teosinte/Maize	5	198245127	198245923	5	198244236	198246356	Exon	796	-0.554036	Zm00001d017513	5	198239236	198244236	198246356	198251356	+
CG	Teosinte/Maize	5	201220831	201221001	5	201219244	201224243	Gene_up_5K	170	-0.487024	Zm00001d017597	5	201212982	201217982	201223628	201228628	+
CG	Teosinte/Maize	5	205089135	205089442	5	205085671	205090670	Gene_down_5K	307	-0.507806	Zm00001d017718	5	205083109	205088109	205091684	205096684	+
CG	Teosinte/Maize	5	205090056	205091249	5	205090100	205091121	Exon	1021	-0.81009	Zm00001d017718	5	205083109	205088109	205091684	205096684	+
CG	Teosinte/Maize	5	209721786	209722040	5	209717530	209722529	Gene_up_5K	254	-0.452087	Zm00001d017897	5	209714922	209719922	209722622	209727622	+
CG	Teosinte/Maize	5	215035611	215035927	5	215035374	215035995	Exon	316	-0.446648	Zm00001d018133	5	215029661	215034661	215049780	215054780	+
CG	Teosinte/Maize	5	220386178	220386415	5	220386316	220386482	Exon	99	-0.409855	Zm00001d018420	5	220374839	220379839	220387369	220392369	-
CG	Teosinte/Maize	5	221802333	221802602	5	221798945	221803944	Gene_up_5K	269	-0.72599	Zm00001d018495	5	221795393	221800393	221803136	221808136	+
CG	Teosinte/Maize	5	223001901	223002311	5	223001922	223002083	Exon	161	-0.450547	Zm00001d018557	5	222996922	223001922	223002955	223007955	-
CG	Teosinte/Maize	6	3098586	3099544	6	3094877	3099876	Gene_up_5K	958	-0.427639	Zm00001d035048	6	3081730	3086730	3108794	3113794	-
CG	Teosinte/Maize	6	5776753	5777031	6	5775690	5780689	Gene_up_5K	278	-0.434405	NA	NA	NA	NA	NA	NA	NA
CG	Teosinte/Maize	6	15662360	15663093	6	15661859	15806791	Intergenic	733	-0.432178	NA	NA	NA	NA	NA	NA	NA
CG	Teosinte/Maize	6	16238151	16238380	6	16215570	16271742	Intergenic	229	-0.454514	NA	NA	NA	NA	NA	NA	NA
CG	Teosinte/Maize	6	18823907	18824239	6	18823960	18828959	Gene_down_5K	279	-0.644172	Zm00001d035269	6	18816910	18821910	18823959	18828959	+
CG	Teosinte/Maize	6	28272421	28272966	6	28272057	28272842	Exon	421	-0.515323	Zm00001d035470	6	28266626	28271626	28278463	28283463	+
CG	Teosinte/Maize	6	41491094	41491595	6	41491481	41491623	Exon	114	-0.509748	Zm00001d035696	6	41483410	41488410	41492614	41497614	-
CG	Teosinte/Maize	6	42923722	42923969	6	42812669	42938937	Intergenic	247	-0.642721	NA	NA	NA	NA	NA	NA	NA
CG	Teosinte/Maize	6	45864756	45865183	6	45731112	46081181	Intergenic	427	-0.495181	NA	NA	NA	NA	NA	NA	NA
CG	Teosinte/Maize	6	46329361	46329702	6	46171533	46335882	Intergenic	341	-0.430981	NA	NA	NA	NA	NA	NA	NA
CG	Teosinte/Maize	6	51594557	51594990	6	51522186	51697103	Intergenic	433	-0.441404	NA	NA	NA	NA	NA	NA	NA
CG	Teosinte/Maize	6	54833397	54833597	6	54832597	54837596	Gene_up_5K	200	-0.625065	NA	NA	NA	NA	NA	NA	NA
CG	Teosinte/Maize	6	58307985	58308480	6	58307418	58308332	Exon	347	-0.414441	Zm00001d035881	6	58302418	58307418	58308332	58313332	+
CG	Teosinte/Maize	6	60019836	60020485	6	59914973	60123222	Intergenic	649	-0.485528	NA	NA	NA	NA	NA	NA	NA
CG	Teosinte/Maize	6	61832843	61833035	6	61832499	61833852	Intron	192	-0.474286	Zm00001d035953	6	61827098	61832098	61848309	61853309	+
CG	Teosinte/Maize	6	67404811	67404979	6	67361034	67436711	Intergenic	168	-0.449442	NA	NA	NA	NA	NA	NA	NA
CG	Teosinte/Maize	6	72523654	72523953	6	72495877	72613274	Intergenic	299	-0.52407	NA	NA	NA	NA	NA	NA	NA
CG	Teosinte/Maize	6	85389407	85389828	6	85388688	85393687	Gene_up_5K	421	-0.619352	NA	NA	NA	NA	NA	NA	NA
CG	Teosinte/Maize	6	87792955	87793246	6	87791940	87796939	Gene_down_5K	291	-0.663196	Zm00001d036422	6	87787051	87792051	87796989	87801989	+
CG	Teosinte/Maize	6	102132908	102133082	6	102129291	102134290	Gene_up_5K	174	-0.624094	NA	NA	NA	NA	NA	NA	NA
CG	Teosinte/Maize	6	113254595	113254976	6	113254781	113255928	Intron	195	-0.486493	Zm00001d037124	6	113249071	113254071	113256337	113261337	+
CG	Teosinte/Maize	6	118538302	118538452	6	118536050	118541049	Gene_up_5K	150	-0.595257	Zm00001d037264	6	118532385	118537385	118544732	118549732	+
CG	Teosinte/Maize	6	118588743	118588992	6	118549733	118721005	Intergenic	249	-0.457421	NA	NA	NA	NA	NA	NA	NA
CG	Teosinte/Maize	6	120195982	120196343	6	120195926	120196947	Exon	361	-0.608153	Zm00001d037305	6	120185685	120190685	120196947	120201947	+
CG	Teosinte/Maize	6	128805735	128806574	6	128804148	128806658	Exon	839	-0.606776	Zm00001d037544	6	128799148	128804148	128806658	128811658	-
CG	Teosinte/Maize	6	132797423	132797950	6	132793153	132798152	Gene_up_5K	527	-0.430208	Zm00001d037648	6	132791567	132796567	132805878	132810878	+
CG	Teosinte/Maize	6	143834831	143834948	6	143834712	143834950	Exon	117	-0.848304	Zm00001d037968	6	143829712	143834712	143836988	143841988	-
CG	Teosinte/Maize	6	160394073	160394198	6	160392780	160397779	Gene_down_5K	125	-0.451958	Zm00001d038579	6	160388660	160393660	160396437	160401437	-
CG	Teosinte/Maize	6	161551004	161551419	6	161547342	161552341	Gene_down_5K	415	-0.439568	Zm00001d038642	6	161544380	161549380	161551931	161556931	+
CG	Teosinte/Maize	6	167325784	167326148	6	167323587	167328586	Gene_down_5K	364	-0.446127	Zm00001d038937	6	167319066	167324066	167326614	167331614	+
CG	Teosinte/Maize	6	171572024	171572254	6	171570826	171572150	Exon	126	-0.562826	Zm00001d039165	6	171549081	171554081	171582712	171587712	-
CG	Teosinte/Maize	6	172092344	172093114	6	172092066	172093165	Exon	770	-0.431114	Zm00001d039183	6	172087066	172092066	172094056	172099056	+
CG	Teosinte/Maize	7	1461520	1461622	7	1460054	1465053	Gene_down_5K	102	-0.462383	NA	NA	NA	NA	NA	NA	NA
CG	Teosinte/Maize	7	5366713	5367202	7	5365547	5386515	Exon	489	-0.480258	Zm00001d018795	7	5360547	5365547	5386515	5391515	+
CG	Teosinte/Maize	7	8970930	8971246	7	8970967	8971229	Exon	262	-0.476827	Zm00001d018907	7	8964455	8969455	8977244	8982244	+
CG	Teosinte/Maize	7	9875312	9875461	7	9875206	9876918	Exon	149	-0.474615	Zm00001d018939	7	9869433	9874433	9879888	9884888	+
CG	Teosinte/Maize	7	17217388	17217627	7	17217356	17217567	Exon	179	-0.618794	Zm00001d019108	7	17211464	17216464	17235345	17240345	+
CG	Teosinte/Maize	7	28786312	28786600	7	28786462	28786860	Exon	138	-0.608354	Zm00001d019343	7	28780037	28785037	28786860	28791860	+
CG	Teosinte/Maize	7	39159926	39160376	7	39145274	39160974	Exon	450	-0.499314	Zm00001d019515	7	39140274	39145274	39160974	39165974	-
CG	Teosinte/Maize	7	39734254	39734508	7	39733283	39735010	Exon	254	-0.511823	Zm00001d019522	7	39726035	39731035	39735223	39740223	-
CG	Teosinte/Maize	7	45819096	45819750	7	45816670	45821314	Exon	654	-0.698519	Zm00001d019598	7	45811670	45816670	45821314	45826314	+
CG	Teosinte/Maize	7	46761863	46762353	7	46761923	46766922	Gene_down_5K	430	-0.569599	NA	NA	NA	NA	NA	NA	NA
CG	Teosinte/Maize	7	49117973	49118133	7	49114150	49119149	Gene_up_5K	160	-0.562608	NA	NA	NA	NA	NA	NA	NA
CG	Teosinte/Maize	7	49266434	49266613	7	49156354	49316599	Intergenic	179	-0.723693	NA	NA	NA	NA	NA	NA	NA
CG	Teosinte/Maize	7	49660931	49661604	7	49657754	49662753	Gene_up_5K	673	-0.773796	NA	NA	NA	NA	NA	NA	NA
CG	Teosinte/Maize	7	50910130	50910643	7	50859943	51179118	Intergenic	513	-0.487566	NA	NA	NA	NA	NA	NA	NA
CG	Teosinte/Maize	7	64303691	64304474	7	63699419	64600342	Intergenic	783	-0.551558	NA	NA	NA	NA	NA	NA	NA
CG	Teosinte/Maize	7	70602099	70602615	7	70602002	70607001	Gene_up_5K	516	-0.690449	NA	NA	NA	NA	NA	NA	NA
CG	Teosinte/Maize	7	72473870	72474077	7	71981140	72514356	Intergenic	207	-0.829248	NA	NA	NA	NA	NA	NA	NA
CG	Teosinte/Maize	7	73815122	73815281	7	73812545	73817544	Gene_up_5K	159	-0.511548	NA	NA	NA	NA	NA	NA	NA
CG	Teosinte/Maize	7	75979972	75980866	7	75844430	76559754	Intergenic	894	-0.495556	NA	NA	NA	NA	NA	NA	NA
CG	Teosinte/Maize	7	79911437	79911679	7	79911404	79911614	Exon	177	-0.437204	Zm00001d019956	7	79905359	79910359	79922761	79927761	+
CG	Teosinte/Maize	7	83123009	83123725	7	83028723	83149242	Intergenic	716	-0.560056	NA	NA	NA	NA	NA	NA	NA
CG	Teosinte/Maize	7	83239745	83240186	7	83178916	83407969	Intergenic	441	-0.579227	NA	NA	NA	NA	NA	NA	NA
CG	Teosinte/Maize	7	83557315	83557493	7	83438305	83690072	Intergenic	178	-0.420189	NA	NA	NA	NA	NA	NA	NA
CG	Teosinte/Maize	7	84825397	84825920	7	84822006	84827005	Gene_up_5K	523	-0.676197	NA	NA	NA	NA	NA	NA	NA
CG	Teosinte/Maize	7	87913467	87913837	7	87816712	87955470	Intergenic	370	-0.53737	NA	NA	NA	NA	NA	NA	NA
CG	Teosinte/Maize	7	96521091	96522006	7	96519846	96524845	Gene_up_5K	915	-0.44405	Zm00001d020160	7	96510023	96515023	96521470	96526470	+
CG	Teosinte/Maize	7	98804341	98804846	7	98796773	98833961	Intergenic	505	-0.485191	NA	NA	NA	NA	NA	NA	NA
CG	Teosinte/Maize	7	103465842	103466071	7	103462817	103467816	Gene_up_5K	229	-0.620031	NA	NA	NA	NA	NA	NA	NA
CG	Teosinte/Maize	7	115060300	115060529	7	114991922	115140331	Intergenic	229	-0.522004	NA	NA	NA	NA	NA	NA	NA
CG	Teosinte/Maize	7	123023227	123023314	7	122856448	123026645	Intergenic	87	-0.919155	NA	NA	NA	NA	NA	NA	NA
CG	Teosinte/Maize	7	123062198	123062503	7	123037108	123063758	Intergenic	305	-0.850328	NA	NA	NA	NA	NA	NA	NA
CG	Teosinte/Maize	7	127317093	127318085	7	127315049	127322067	Exon	992	-0.480201	Zm00001d020666	7	127310049	127315049	127322067	127327067	+
CG	Teosinte/Maize	7	129500639	129500851	7	129499980	129501479	Exon	212	-0.517082	Zm00001d020706	7	129494980	129499980	129501479	129506479	+
CG	Teosinte/Maize	7	130463478	130463858	7	130462170	130467169	Gene_up_5K	380	-0.44405	NA	NA	NA	NA	NA	NA	NA
CG	Teosinte/Maize	7	130464175	130464342	7	130462170	130467169	Gene_up_5K	167	-0.608186	NA	NA	NA	NA	NA	NA	NA
CG	Teosinte/Maize	7	133451593	133451756	7	133449801	133497731	Intergenic	163	-0.434247	NA	NA	NA	NA	NA	NA	NA
CG	Teosinte/Maize	7	144088875	144089184	7	144084366	144089365	Gene_down_5K	309	-0.41138	Zm00001d021145	7	144083215	144088215	144096509	144101509	+
CG	Teosinte/Maize	7	147098163	147098430	7	147096084	147101083	Gene_up_5K	267	-0.478054	Zm00001d021259	7	147092538	147097538	147098506	147103506	+
CG	Teosinte/Maize	7	155446976	155448001	7	155447229	155452228	Gene_up_5K	772	-0.668399	Zm00001d021542	7	155440924	155445924	155447228	155452228	-
CG	Teosinte/Maize	7	155508725	155509148	7	155504603	155509602	Gene_up_5K	423	-0.51255	Zm00001d021545	7	155502985	155507985	155512108	155517108	+
CG	Teosinte/Maize	7	155899732	155900006	7	155897979	155902978	Gene_up_5K	274	-0.439645	NA	NA	NA	NA	NA	NA	NA
CG	Teosinte/Maize	7	161767585	161767769	7	161764376	161769375	Gene_down_5K	184	-0.478381	NA	NA	NA	NA	NA	NA	NA
CG	Teosinte/Maize	8	8473935	8474235	8	8454946	8475384	Exon	300	-0.525014	Zm00001d008429	8	8449946	8454946	8475384	8480384	-
CG	Teosinte/Maize	8	15278073	15280580	8	15276961	15281960	Gene_down_5K	2507	-0.462549	Zm00001d008631	8	15267221	15272221	15287303	15292303	+
CG	Teosinte/Maize	8	15278073	15280580	8	15276961	15281960	Gene_down_5K	2507	-0.462549	Zm00001d008632	8	15272252	15277252	15280685	15285685	+
CG	Teosinte/Maize	8	36817892	36818242	8	36817445	36818866	Exon	350	-0.401339	Zm00001d009108	8	36812445	36817445	36818866	36823866	+
CG	Teosinte/Maize	8	37777034	37777208	8	37725027	37785209	Intergenic	174	-0.675295	NA	NA	NA	NA	NA	NA	NA
CG	Teosinte/Maize	8	40627987	40628275	8	40625094	40630093	Gene_up_5K	288	-0.741575	NA	NA	NA	NA	NA	NA	NA
CG	Teosinte/Maize	8	47156099	47156401	8	47152015	47157014	Gene_up_5K	302	-0.461145	NA	NA	NA	NA	NA	NA	NA
CG	Teosinte/Maize	8	47410971	47411908	8	47211514	47500464	Intergenic	937	-0.485023	NA	NA	NA	NA	NA	NA	NA
CG	Teosinte/Maize	8	47907433	47908726	8	47907023	47912007	Intron	1293	-0.710891	Zm00001d009260	8	47901365	47906365	47913252	47918252	-
CG	Teosinte/Maize	8	48142761	48143300	8	47918253	48178553	Intergenic	539	-0.49783	NA	NA	NA	NA	NA	NA	NA
CG	Teosinte/Maize	8	48670317	48670548	8	48669883	48670495	Exon	178	-0.449574	Zm00001d009264	8	48664883	48669883	48672784	48677784	-
CG	Teosinte/Maize	8	49764579	49764659	8	49726526	49780731	Intergenic	80	-0.418051	NA	NA	NA	NA	NA	NA	NA
CG	Teosinte/Maize	8	50618139	50618719	8	50552983	50796058	Intergenic	580	-0.552334	NA	NA	NA	NA	NA	NA	NA
CG	Teosinte/Maize	8	51430918	51431414	8	51179565	51435626	Intergenic	496	-0.507433	NA	NA	NA	NA	NA	NA	NA
CG	Teosinte/Maize	8	72862720	72862984	8	72860032	72865031	Gene_down_5K	264	-0.718882	Zm00001d009605	8	72856164	72861164	72868595	72873595	+
CG	Teosinte/Maize	8	73350469	73350694	8	73349558	73351216	Exon	225	-0.467873	Zm00001d009617	8	73338604	73343604	73351556	73356556	-
CG	Teosinte/Maize	8	73468304	73468839	8	73467308	73468804	Exon	500	-0.535987	Zm00001d009618	8	73462308	73467308	73468804	73473804	+
CG	Teosinte/Maize	8	79026791	79027010	8	79026422	79154644	Intergenic	219	-0.401295	NA	NA	NA	NA	NA	NA	NA
CG	Teosinte/Maize	8	81398646	81399151	8	81398918	81401685	Intron	233	-0.830777	Zm00001d009789	8	81393779	81398779	81405752	81410752	+
CG	Teosinte/Maize	8	91901671	91902117	8	91824886	91936257	Intergenic	446	-0.447347	NA	NA	NA	NA	NA	NA	NA
CG	Teosinte/Maize	8	98476563	98476667	8	98431576	98480715	Intergenic	104	-0.422535	NA	NA	NA	NA	NA	NA	NA
CG	Teosinte/Maize	8	100398621	100399139	8	100397133	100401114	Intron	518	-0.426515	Zm00001d010127	8	100391740	100396740	100401473	100406473	+
CG	Teosinte/Maize	8	102629678	102629884	8	102499963	102641581	Intergenic	206	-0.425757	NA	NA	NA	NA	NA	NA	NA
CG	Teosinte/Maize	8	105194264	105194693	8	105194319	105194741	Exon	374	-0.6921	Zm00001d010232	8	105186750	105191750	105194782	105199782	+
CG	Teosinte/Maize	8	109545058	109545304	8	109537670	109548753	Intron	246	-0.475199	Zm00001d010322	8	109532444	109537444	109549673	109554673	+
CG	Teosinte/Maize	8	117496271	117496591	8	117496394	117496661	Exon	197	-0.424434	Zm00001d010488	8	117490296	117495296	117501405	117506405	+
CG	Teosinte/Maize	8	128894230	128894463	8	128892121	128897120	Gene_down_5K	233	-0.480332	Zm00001d010824	8	128888375	128893375	128896851	128901851	+
CG	Teosinte/Maize	8	134840623	134840807	8	134839693	134840960	Intron	184	-0.426918	Zm00001d010950	8	134824668	134829668	134841732	134846732	-
CG	Teosinte/Maize	8	135540695	135541128	8	135540640	135540986	Intron	291	-0.432068	Zm00001d010974	8	135525020	135530020	135542207	135547207	-
CG	Teosinte/Maize	8	148838316	148838460	8	148833757	148838756	Gene_down_5K	144	-0.524039	Zm00001d011370	8	148828239	148833239	148839951	148844951	+
CG	Teosinte/Maize	8	156210532	156210710	8	156204793	156242528	Intergenic	178	-0.408837	NA	NA	NA	NA	NA	NA	NA
CG	Teosinte/Maize	8	158906435	158906580	8	158905685	158906986	Exon	145	-0.563814	Zm00001d011692	8	158900685	158905685	158906986	158911986	+
CG	Teosinte/Maize	8	159831171	159831334	8	159830548	159835547	Gene_up_5K	163	-0.411891	Zm00001d011719	8	159819328	159824328	159833569	159838569	-
CG	Teosinte/Maize	8	161664251	161664473	8	161661961	161666960	Gene_down_5K	222	-0.774432	Zm00001d011790	8	161645580	161650580	161666693	161671693	+
CG	Teosinte/Maize	8	162231356	162231530	8	162229630	162234833	Intron	174	-0.857702	Zm00001d011828	8	162222066	162227066	162236070	162241070	-
CG	Teosinte/Maize	8	168887103	168887415	8	168886921	168888003	Exon	312	-0.464555	Zm00001d012146	8	168878542	168883542	168888435	168893435	+
CG	Teosinte/Maize	8	176657567	176657736	8	176657308	176662307	Gene_up_5K	169	-0.459309	NA	NA	NA	NA	NA	NA	NA
CG	Teosinte/Maize	9	1604402	1604831	9	1604567	1605346	Exon	264	-0.601123	Zm00001d044760	9	1596296	1601296	1605346	1610346	-
CG	Teosinte/Maize	9	13119465	13119747	9	13118689	13119810	Exon	282	-0.547467	Zm00001d045112	9	13112991	13117991	13122682	13127682	-
CG	Teosinte/Maize	9	16846835	16847206	9	16842687	16847686	Gene_down_5K	371	-0.45065	NA	NA	NA	NA	NA	NA	NA
CG	Teosinte/Maize	9	21878232	21878932	9	21878285	21878490	Intron	205	-0.475279	Zm00001d045430	9	21872799	21877799	21880928	21885928	-
CG	Teosinte/Maize	9	24927647	24927922	9	24925065	24930064	Gene_up_5K	275	-0.65358	NA	NA	NA	NA	NA	NA	NA
CG	Teosinte/Maize	9	36011438	36012356	9	36010264	36011962	Intron	524	-0.643694	Zm00001d045735	9	36004335	36009335	36013889	36018889	+
CG	Teosinte/Maize	9	36015260	36015471	9	36013890	36018889	Gene_down_5K	211	-0.677269	NA	NA	NA	NA	NA	NA	NA
CG	Teosinte/Maize	9	36017714	36018447	9	36013890	36018889	Gene_down_5K	733	-0.420062	NA	NA	NA	NA	NA	NA	NA
CG	Teosinte/Maize	9	40007811	40008366	9	39952204	40033941	Intergenic	555	-0.473846	NA	NA	NA	NA	NA	NA	NA
CG	Teosinte/Maize	9	50244105	50244251	9	50244115	50244599	Intron	136	-0.510983	Zm00001d045962	9	50238771	50243771	50262642	50267642	+
CG	Teosinte/Maize	9	52566238	52566843	9	52544252	52741457	Intergenic	605	-0.45383	NA	NA	NA	NA	NA	NA	NA
CG	Teosinte/Maize	9	54563162	54563694	9	53811174	54563464	Intergenic	302	-0.679373	NA	NA	NA	NA	NA	NA	NA
CG	Teosinte/Maize	9	55118990	55119475	9	54760836	55153777	Intergenic	485	-0.504216	NA	NA	NA	NA	NA	NA	NA
CG	Teosinte/Maize	9	55971601	55972659	9	55967208	55972207	Gene_up_5K	606	-0.651865	NA	NA	NA	NA	NA	NA	NA
CG	Teosinte/Maize	9	56042408	56042703	9	55972208	56168351	Intergenic	295	-0.601605	NA	NA	NA	NA	NA	NA	NA
CG	Teosinte/Maize	9	56043013	56043253	9	55972208	56168351	Intergenic	240	-0.600802	NA	NA	NA	NA	NA	NA	NA
CG	Teosinte/Maize	9	60527804	60528610	9	60510213	60751317	Intergenic	806	-0.733343	NA	NA	NA	NA	NA	NA	NA
CG	Teosinte/Maize	9	60535683	60535898	9	60510213	60751317	Intergenic	215	-0.680278	NA	NA	NA	NA	NA	NA	NA
CG	Teosinte/Maize	9	60807035	60807393	9	60773843	60862877	Intergenic	358	-0.414804	NA	NA	NA	NA	NA	NA	NA
CG	Teosinte/Maize	9	60991057	60991200	9	60873630	61124115	Intergenic	143	-0.476395	NA	NA	NA	NA	NA	NA	NA
CG	Teosinte/Maize	9	60991971	60992123	9	60873630	61124115	Intergenic	152	-0.678323	NA	NA	NA	NA	NA	NA	NA
CG	Teosinte/Maize	9	61923905	61924119	9	61923948	61928947	Gene_up_5K	171	-0.679877	Zm00001d046079	9	61918875	61923875	61923947	61928947	-
CG	Teosinte/Maize	9	78334667	78334965	9	78334458	78339457	Gene_down_5K	298	-0.61067	NA	NA	NA	NA	NA	NA	NA
CG	Teosinte/Maize	9	99667605	99667949	9	99658915	99668677	Exon	344	-0.454223	Zm00001d046630	9	99653915	99658915	99668677	99673677	-
CG	Teosinte/Maize	9	110202115	110202998	9	110202169	110202805	Exon	636	-0.41136	Zm00001d046912	9	110197169	110202169	110204205	110209205	+
CG	Teosinte/Maize	9	113503840	113504503	9	113502413	113507412	Gene_up_5K	663	-0.510333	NA	NA	NA	NA	NA	NA	NA
CG	Teosinte/Maize	9	119362624	119363099	9	119347635	119365183	Intergenic	475	-0.491137	NA	NA	NA	NA	NA	NA	NA
CG	Teosinte/Maize	9	122920684	122921200	9	122921000	122925999	Gene_up_5K	200	-0.647035	Zm00001d047224	9	122886336	122891336	122920999	122925999	-
CG	Teosinte/Maize	9	125665066	125665585	9	125663636	125668635	Gene_down_5K	519	-0.73173	Zm00001d047290	9	125658367	125663367	125665840	125670840	+
CG	Teosinte/Maize	9	127690362	127691345	9	127690325	127692796	Exon	983	-0.586992	Zm00001d047361	9	127683165	127688165	127693192	127698192	-
CG	Teosinte/Maize	9	130699398	130699685	9	130694997	130704255	Intron	287	-0.644753	Zm00001d047453	9	130686554	130691554	130708860	130713860	-
CG	Teosinte/Maize	9	132770144	132770399	9	132766872	132771871	Gene_up_5K	255	-0.479676	Zm00001d047502	9	132764329	132769329	132772423	132777423	+
CG	Teosinte/Maize	9	133463197	133463607	9	133463059	133463893	Intron	410	-0.437523	Zm00001d047522	9	133455977	133460977	133469214	133474214	-
CG	Teosinte/Maize	9	134026597	134027006	9	134025005	134027671	Exon	409	-0.424798	Zm00001d047533	9	134020005	134025005	134027671	134032671	-
CG	Teosinte/Maize	9	134121820	134121981	9	134092373	134134881	Intergenic	161	-0.88164	NA	NA	NA	NA	NA	NA	NA
CG	Teosinte/Maize	9	135201614	135201780	9	135131925	135218914	Intergenic	166	-0.724174	NA	NA	NA	NA	NA	NA	NA
CG	Teosinte/Maize	9	140497986	140498114	9	140455285	140578212	Intergenic	128	-0.667823	NA	NA	NA	NA	NA	NA	NA
CG	Teosinte/Maize	9	146611202	146611480	9	146611340	146611531	Exon	140	-0.577188	Zm00001d047967	9	146606340	146611340	146618721	146623721	+
CG	Teosinte/Maize	9	149326398	149327294	9	149326262	149331261	Gene_up_5K	896	-0.537406	NA	NA	NA	NA	NA	NA	NA
CG	Teosinte/Maize	9	150752072	150752649	9	150751083	150752344	Exon	272	-0.407249	Zm00001d048142	9	150746083	150751083	150755678	150760678	-
CG	Teosinte/Maize	9	155234157	155234747	9	155231300	155236299	Gene_down_5K	590	-0.644674	Zm00001d048372	9	155225812	155230812	155234902	155239902	-
CG	Teosinte/Maize	9	158551237	158551408	9	158551259	158551355	Intron	96	-0.5497	Zm00001d048552	9	158532471	158537471	158553298	158558298	-
CG	Teosinte/Maize	10	121969	122335	10	0	126321	Intergenic	366	-0.456075	NA	NA	NA	NA	NA	NA	NA
CG	Teosinte/Maize	10	133868	134187	10	131322	134730	Exon	319	-0.5167	Zm00001d023208	10	126322	131322	134730	139730	+
CG	Teosinte/Maize	10	3653308	3653444	10	3651997	3653603	Exon	136	-0.408042	Zm00001d023337	10	3646997	3651997	3660777	3665777	+
CG	Teosinte/Maize	10	4291858	4292030	10	4288119	4293118	Gene_down_5K	172	-0.416472	Zm00001d023378	10	4283877	4288877	4292640	4297640	+
CG	Teosinte/Maize	10	8727287	8728127	10	8724371	8729370	Gene_down_5K	840	-0.425616	Zm00001d023524	10	8720582	8725582	8728026	8733026	-
CG	Teosinte/Maize	10	21378065	21378812	10	21214455	21483310	Intergenic	747	-0.419378	NA	NA	NA	NA	NA	NA	NA
CG	Teosinte/Maize	10	33621749	33621901	10	33388164	33712910	Intergenic	152	-0.710062	NA	NA	NA	NA	NA	NA	NA
CG	Teosinte/Maize	10	33925447	33925834	10	33924875	33925976	Exon	387	-0.658457	Zm00001d023979	10	33917137	33922137	33926709	33931709	-
CG	Teosinte/Maize	10	34047107	34047905	10	33931710	34209273	Intergenic	798	-0.602996	NA	NA	NA	NA	NA	NA	NA
CG	Teosinte/Maize	10	34063416	34063874	10	33931710	34209273	Intergenic	458	-0.864934	NA	NA	NA	NA	NA	NA	NA
CG	Teosinte/Maize	10	34101147	34101402	10	33931710	34209273	Intergenic	255	-0.617038	NA	NA	NA	NA	NA	NA	NA
CG	Teosinte/Maize	10	36999091	36999475	10	36987465	37072736	Intergenic	384	-0.699497	NA	NA	NA	NA	NA	NA	NA
CG	Teosinte/Maize	10	51318840	51319402	10	51315314	51327171	Exon	562	-0.62296	Zm00001d024160	10	51310314	51315314	51327171	51332171	-
CG	Teosinte/Maize	10	51688803	51689218	10	51624886	51895071	Intergenic	415	-0.760135	NA	NA	NA	NA	NA	NA	NA
CG	Teosinte/Maize	10	51901625	51901935	10	51900675	51905674	Gene_up_5K	310	-0.620804	NA	NA	NA	NA	NA	NA	NA
CG	Teosinte/Maize	10	53531538	53531838	10	53530372	53535371	Gene_up_5K	300	-0.576705	NA	NA	NA	NA	NA	NA	NA
CG	Teosinte/Maize	10	53645048	53645788	10	53589447	53912368	Intergenic	740	-0.468189	NA	NA	NA	NA	NA	NA	NA
CG	Teosinte/Maize	10	58557325	58557767	10	58557439	58562438	Gene_up_5K	328	-0.807753	Zm00001d024234	10	58543375	58548375	58557438	58562438	-
CG	Teosinte/Maize	10	62020570	62020877	10	62018189	62023188	Gene_down_5K	307	-0.504764	NA	NA	NA	NA	NA	NA	NA
CG	Teosinte/Maize	10	81352108	81352372	10	81348456	81353455	Gene_up_5K	264	-0.444433	Zm00001d024633	10	81342903	81347903	81352638	81357638	+
CG	Teosinte/Maize	10	82041911	82042304	10	82041858	82042897	Exon	393	-0.440889	Zm00001d024647	10	82033496	82038496	82042897	82047897	+
CG	Teosinte/Maize	10	84541027	84541272	10	84541146	84541650	Intron	126	-0.603832	Zm00001d024709	10	84535352	84540352	84545986	84550986	+
CG	Teosinte/Maize	10	89687952	89688216	10	89687263	89688738	Exon	264	-0.414899	Zm00001d024824	10	89682263	89687263	89690813	89695813	-
CG	Teosinte/Maize	10	91847259	91847665	10	91825110	91882069	Intergenic	406	-0.556336	NA	NA	NA	NA	NA	NA	NA
CG	Teosinte/Maize	10	96592476	96592612	10	96592529	96592679	Exon	83	-0.454073	Zm00001d024952	10	96581361	96586361	96592679	96597679	-
CG	Teosinte/Maize	10	96959217	96959784	10	96956678	96966490	Intron	567	-0.404308	Zm00001d024962	10	96951014	96956014	96967539	96972539	+
CG	Teosinte/Maize	10	100282839	100282936	10	100281819	100286818	Gene_up_5K	97	-0.762161	NA	NA	NA	NA	NA	NA	NA
CG	Teosinte/Maize	10	100522495	100522677	10	100513962	100528598	Intergenic	182	-0.577989	NA	NA	NA	NA	NA	NA	NA
CG	Teosinte/Maize	10	104575021	104575558	10	104574417	104575544	Exon	523	-0.516615	Zm00001d025107	10	104569417	104574417	104575544	104580544	-
CG	Teosinte/Maize	10	106763604	106763727	10	106759011	106764010	Gene_down_5K	123	-0.598823	NA	NA	NA	NA	NA	NA	NA
CG	Teosinte/Maize	10	109136589	109136779	10	109135804	109137912	Exon	190	-0.505617	Zm00001d025206	10	109130804	109135804	109137912	109142912	+
CG	Teosinte/Maize	10	110658551	110658835	10	110658013	110659683	Exon	284	-0.472769	Zm00001d025240	10	110652182	110657182	110663551	110668551	+
CG	Teosinte/Maize	10	112344452	112344771	10	112330552	112496131	Intergenic	319	-0.482917	NA	NA	NA	NA	NA	NA	NA
CG	Teosinte/Maize	10	112380734	112381007	10	112330552	112496131	Intergenic	273	-0.51228	NA	NA	NA	NA	NA	NA	NA
CG	Teosinte/Maize	10	117576054	117576505	10	117546040	117607882	Intergenic	451	-0.489685	NA	NA	NA	NA	NA	NA	NA
CG	Teosinte/Maize	10	125794233	125794630	10	125792973	125797972	Gene_up_5K	397	-0.859239	NA	NA	NA	NA	NA	NA	NA
CG	Teosinte/Maize	10	126421825	126422141	10	126420989	126422316	Exon	316	-0.516875	Zm00001d025692	10	126415989	126420989	126425176	126430176	+
CG	Teosinte/Maize	10	126536220	126537004	10	126532243	126537242	Gene_up_5K	784	-0.437963	Zm00001d025696	10	126527005	126532005	126537113	126542113	+
CG	Teosinte/Maize	10	126886619	126886764	10	126886635	126886707	Intron	72	-0.482434	Zm00001d025706	10	126875549	126880549	126888843	126893843	-
CG	Teosinte/Maize	10	128605530	128605891	10	128605358	128606246	Exon	361	-0.43457	Zm00001d025757	10	128600358	128605358	128610245	128615245	+
CG	Teosinte/Maize	10	131994158	131994518	10	131994078	131994489	Intron	331	-0.41608	Zm00001d025865	10	131988604	131993604	132007438	132012438	+
CG	Teosinte/Maize	10	133780035	133780236	10	133779874	133784873	Gene_down_5K	201	-0.5819	Zm00001d025921	10	133767841	133772841	133780821	133785821	+
CG	Teosinte/Maize	10	135130116	135130431	10	135127402	135131627	Exon	315	-0.435434	Zm00001d025979	10	135119957	135124957	135134224	135139224	+
CG	Teosinte/Maize	10	136676401	136676627	10	136655057	136736603	Intergenic	226	-0.572935	NA	NA	NA	NA	NA	NA	NA
CG	Teosinte/Maize	10	143158152	143159025	10	143157797	143162796	Gene_up_5K	873	-0.516252	Zm00001d026296	10	143151312	143156312	143161817	143166817	+
CG	Teosinte/Maize	10	143237637	143238098	10	143237474	143237778	Intron	141	-0.46148	Zm00001d026303	10	143226316	143231316	143239636	143244636	-
CG	Teosinte/Maize	10	143981443	143982040	10	143979495	143982889	Exon	597	-0.40536	Zm00001d026348	10	143974495	143979495	143982889	143987889	-
CG	Teosinte/Maize	10	146101905	146102176	10	146101871	146102717	Exon	271	-0.499006	Zm00001d026452	10	146093952	146098952	146102717	146107717	+
CG	Teosinte/Maize	10	146695002	146695181	10	146680538	146700761	Intergenic	179	-0.539753	NA	NA	NA	NA	NA	NA	NA
CG	Teosinte/Maize	10	150317702	150317974	10	150315505	150318102	Exon	272	-0.558563	Zm00001d026698	10	150302587	150307587	150319013	150324013	-
